176
1
769;736
1
756;728
6
708;690
709;690
708;691
709;691
709;692
710;692
5
374;678
375;678
373;679
374;679
375;679
4
706;676
707;676
707;677
708;677
1
705;675
10
908;668
908;669
909;669
908;670
909;670
910;670
911;670
910;671
911;671
912;671
2
792;665
792;666
1
717;665
1
779;663
1
777;662
6
715;661
715;662
716;662
715;663
716;663
716;664
32
893;652
894;652
895;652
892;653
893;653
894;653
895;653
893;654
894;654
895;654
896;654
897;654
894;655
895;655
896;655
897;655
898;655
899;655
895;656
896;656
897;656
898;656
899;656
899;657
900;657
901;657
900;658
901;658
902;658
901;659
902;659
902;660
53
833;643
833;644
834;644
835;644
833;645
834;645
835;645
836;645
837;645
832;646
833;646
834;646
835;646
836;646
827;647
828;647
829;647
830;647
831;647
832;647
833;647
834;647
825;648
826;648
827;648
828;648
829;648
823;649
824;649
825;649
826;649
827;649
828;649
822;650
823;650
824;650
825;650
826;650
827;650
828;650
822;651
823;651
824;651
825;651
826;651
827;651
828;651
823;652
824;652
825;652
826;652
827;652
825;653
1
313;635
1
314;634
2
776;629
776;630
2
775;627
775;628
4
357;626
357;627
357;628
357;629
8
789;616
787;617
788;617
789;617
790;617
791;617
789;618
790;618
3
719;603
720;603
719;604
22
945;602
946;602
945;603
946;603
947;603
945;604
946;604
947;604
948;604
949;604
950;604
946;605
947;605
948;605
949;605
950;605
951;605
947;606
948;606
949;606
950;606
951;606
35
661;602
662;602
663;602
659;603
660;603
661;603
662;603
663;603
664;603
659;604
660;604
661;604
662;604
663;604
664;604
659;605
660;605
661;605
662;605
663;605
664;605
659;606
660;606
661;606
662;606
663;606
664;606
660;607
661;607
662;607
663;607
664;607
662;608
663;608
664;608
9
592;599
592;600
592;601
593;601
592;602
593;602
594;602
594;603
595;603
1
376;589
7
242;586
242;587
243;587
244;587
243;588
244;588
243;589
32
918;577
919;577
917;578
918;578
919;578
920;578
917;579
918;579
919;579
920;579
916;580
917;580
918;580
919;580
920;580
916;581
917;581
918;581
919;581
920;581
915;582
916;582
917;582
918;582
919;582
914;583
915;583
916;583
917;583
918;583
914;584
914;585
2
799;575
800;575
1
966;570
33
588;570
589;570
587;571
588;571
589;571
586;572
587;572
588;572
589;572
590;572
584;573
585;573
586;573
587;573
588;573
589;573
590;573
583;574
584;574
585;574
586;574
587;574
588;574
589;574
590;574
591;574
584;575
585;575
586;575
587;575
588;575
589;575
590;575
1
910;566
1
679;566
1
922;549
1
683;538
3
837;528
838;528
838;529
3
826;528
826;529
826;530
9
858;526
858;527
859;527
860;527
859;528
860;528
861;528
860;529
861;529
11
828;524
829;524
827;525
828;525
829;525
830;525
827;526
828;526
829;526
830;526
827;527
2
661;524
662;524
13
271;522
271;523
272;523
271;524
272;524
273;524
272;525
273;525
274;525
273;526
274;526
273;527
273;528
1
225;522
6
466;521
467;521
465;522
466;522
465;523
466;523
2
849;515
850;515
1
266;514
2
265;512
265;513
16
430;510
429;511
430;511
431;511
432;511
430;512
431;512
432;512
433;512
434;512
431;513
432;513
433;513
434;513
435;513
432;514
1
414;509
5
202;505
202;506
203;506
204;506
204;507
3
359;504
360;504
360;505
3
299;491
300;491
301;491
1
608;488
2
80;480
81;480
1
373;478
1
608;468
2
609;467
610;467
1
46;467
1
612;466
9
187;460
188;460
187;461
188;461
186;462
187;462
188;462
185;463
186;463
1
411;457
16
287;455
288;455
289;455
290;455
291;455
288;456
289;456
290;456
291;456
288;457
289;457
290;457
291;457
288;458
289;458
290;458
19
311;453
312;453
313;453
314;453
304;454
305;454
306;454
307;454
308;454
309;454
310;454
311;454
312;454
313;454
314;454
302;455
303;455
304;455
305;455
5
541;449
542;449
543;449
542;450
543;450
6
279;448
280;448
281;448
280;449
281;449
282;449
39
626;442
627;442
626;443
627;443
628;443
629;443
626;444
627;444
628;444
629;444
630;444
631;444
632;444
633;444
626;445
627;445
628;445
629;445
630;445
631;445
632;445
633;445
634;445
627;446
628;446
629;446
630;446
631;446
632;446
633;446
628;447
629;447
630;447
631;447
632;447
629;448
630;448
631;448
632;448
3
808;441
809;441
810;441
1
796;440
1
480;440
15
589;439
590;439
590;440
591;440
590;441
591;441
590;442
591;442
590;443
591;443
592;443
591;444
592;444
592;445
593;445
51
512;435
512;436
513;436
512;437
513;437
514;437
515;437
512;438
513;438
514;438
515;438
516;438
517;438
511;439
512;439
513;439
514;439
515;439
516;439
517;439
511;440
512;440
513;440
514;440
515;440
516;440
517;440
512;441
513;441
514;441
515;441
516;441
517;441
518;441
513;442
514;442
515;442
516;442
517;442
518;442
519;442
515;443
516;443
517;443
518;443
519;443
520;443
519;444
520;444
521;444
522;444
8
146;435
147;435
148;435
145;436
146;436
147;436
146;437
147;437
1
154;432
1
623;430
13
249;430
249;431
250;431
249;432
250;432
251;432
249;433
250;433
251;433
252;433
249;434
250;434
251;434
5
328;427
329;427
330;427
329;428
330;428
1
436;419
20
241;416
240;417
241;417
240;418
241;418
242;418
240;419
241;419
242;419
243;419
239;420
240;420
241;420
242;420
243;420
241;421
242;421
243;421
242;422
243;422
1
133;414
3
66;414
67;414
67;415
1
81;413
6
306;410
307;410
308;410
305;411
306;411
307;411
52
189;400
190;400
191;400
192;400
193;400
194;400
195;400
196;400
197;400
189;401
190;401
191;401
192;401
193;401
194;401
195;401
196;401
189;402
190;402
191;402
192;402
193;402
194;402
195;402
196;402
189;403
190;403
191;403
192;403
193;403
194;403
195;403
196;403
189;404
190;404
191;404
192;404
193;404
194;404
195;404
189;405
190;405
191;405
192;405
193;405
194;405
189;406
190;406
191;406
192;406
193;406
194;406
1
294;399
12
261;398
262;398
260;399
261;399
262;399
263;399
264;399
260;400
261;400
262;400
263;400
264;400
24
238;389
239;389
237;390
238;390
239;390
240;390
236;391
237;391
238;391
239;391
240;391
235;392
236;392
237;392
238;392
239;392
240;392
235;393
236;393
237;393
238;393
239;393
235;394
236;394
1
36;388
2
420;381
421;381
4
439;371
440;371
441;371
442;371
7
168;368
169;368
170;368
168;369
169;369
170;369
171;369
1
331;365
4
67;365
68;365
69;365
67;366
2
114;363
115;363
3
485;361
486;361
486;362
4
215;360
216;360
216;361
217;361
1
540;359
2
285;354
286;354
2
125;349
125;350
6
219;335
220;335
218;336
219;336
218;337
219;337
1
513;334
71
412;331
413;331
411;332
412;332
413;332
405;333
406;333
407;333
408;333
409;333
410;333
411;333
412;333
413;333
414;333
405;334
406;334
407;334
408;334
409;334
410;334
411;334
412;334
413;334
414;334
405;335
406;335
407;335
408;335
409;335
410;335
411;335
412;335
413;335
405;336
406;336
407;336
408;336
409;336
410;336
411;336
412;336
413;336
406;337
407;337
408;337
409;337
410;337
411;337
412;337
413;337
407;338
408;338
409;338
410;338
411;338
412;338
413;338
408;339
409;339
410;339
411;339
412;339
413;339
409;340
410;340
411;340
412;340
410;341
411;341
412;341
43
170;326
168;327
169;327
170;327
171;327
169;328
170;328
171;328
172;328
173;328
169;329
170;329
171;329
172;329
173;329
169;330
170;330
171;330
172;330
173;330
174;330
171;331
172;331
173;331
174;331
175;331
172;332
173;332
174;332
175;332
176;332
173;333
174;333
175;333
176;333
177;333
175;334
176;334
177;334
178;334
177;335
178;335
178;336
53
239;322
240;322
238;323
239;323
240;323
241;323
238;324
239;324
240;324
241;324
242;324
237;325
238;325
239;325
240;325
241;325
242;325
243;325
237;326
238;326
239;326
240;326
241;326
242;326
243;326
237;327
238;327
239;327
240;327
241;327
242;327
243;327
237;328
238;328
239;328
240;328
241;328
242;328
243;328
237;329
238;329
239;329
240;329
241;329
242;329
243;329
238;330
239;330
240;330
241;330
242;330
239;331
240;331
1
899;315
2
900;314
901;314
103
392;309
392;310
393;310
394;310
395;310
396;310
397;310
398;310
392;311
393;311
394;311
395;311
396;311
397;311
398;311
392;312
393;312
394;312
395;312
396;312
397;312
398;312
399;312
393;313
394;313
395;313
396;313
397;313
398;313
399;313
400;313
393;314
394;314
395;314
396;314
397;314
398;314
399;314
400;314
401;314
394;315
395;315
396;315
397;315
398;315
399;315
400;315
401;315
395;316
396;316
397;316
398;316
399;316
400;316
401;316
396;317
397;317
398;317
399;317
400;317
401;317
397;318
398;318
399;318
400;318
401;318
398;319
399;319
400;319
398;320
399;320
400;320
398;321
399;321
400;321
399;322
400;322
399;323
400;323
399;324
400;324
399;325
400;325
399;326
400;326
399;327
400;327
401;327
399;328
400;328
401;328
398;329
399;329
400;329
401;329
398;330
399;330
400;330
401;330
398;331
399;331
400;331
401;331
8
371;304
372;304
371;305
372;305
371;306
372;306
372;307
372;308
14
163;303
164;303
165;303
161;304
162;304
163;304
164;304
161;305
162;305
163;305
164;305
161;306
162;306
163;306
2
105;303
105;304
114
198;297
208;297
198;298
199;298
200;298
201;298
202;298
203;298
204;298
205;298
206;298
207;298
208;298
186;299
198;299
199;299
200;299
201;299
202;299
203;299
204;299
205;299
206;299
207;299
208;299
183;300
184;300
185;300
186;300
187;300
198;300
199;300
200;300
208;300
209;300
184;301
185;301
186;301
187;301
188;301
198;301
208;301
209;301
186;302
187;302
188;302
189;302
190;302
191;302
192;302
193;302
194;302
195;302
196;302
197;302
198;302
208;302
209;302
210;302
189;303
190;303
191;303
192;303
193;303
194;303
195;303
196;303
197;303
198;303
209;303
210;303
192;304
193;304
194;304
195;304
196;304
197;304
198;304
192;305
193;305
194;305
195;305
196;305
197;305
198;305
192;306
193;306
194;306
195;306
196;306
197;306
198;306
192;307
193;307
194;307
195;307
196;307
197;307
198;307
192;308
193;308
194;308
195;308
196;308
197;308
198;308
193;309
194;309
195;309
196;309
197;309
194;310
195;310
196;310
2
156;294
156;295
19
135;294
136;294
134;295
135;295
136;295
132;296
133;296
134;296
135;296
130;297
131;297
132;297
133;297
134;297
130;298
131;298
132;298
133;298
131;299
5
158;291
157;292
158;292
159;292
157;293
1
499;289
6
932;287
933;287
934;287
935;287
933;288
934;288
5
219;284
220;284
218;285
219;285
220;285
1
115;283
8
238;282
239;282
240;282
241;282
236;283
237;283
238;283
239;283
18
173;276
173;277
174;277
175;277
176;277
177;277
173;278
174;278
175;278
176;278
177;278
178;278
174;279
175;279
176;279
177;279
175;280
176;280
1
237;271
1
304;270
2
259;263
260;263
2
179;255
180;255
8
189;250
189;251
190;251
191;251
189;252
190;252
191;252
192;252
15
427;245
428;245
429;245
425;246
426;246
427;246
428;246
429;246
424;247
425;247
426;247
427;247
425;248
426;248
425;249
5
933;235
934;235
933;236
934;236
935;236
3
467;230
467;231
468;231
25
597;228
598;228
599;228
600;228
601;228
602;228
597;229
598;229
599;229
600;229
601;229
602;229
597;230
598;230
599;230
600;230
601;230
597;231
598;231
599;231
600;231
598;232
599;232
600;232
599;233
1
605;224
1
969;223
1
606;223
1
428;222
4
165;212
163;213
164;213
165;213
1
119;211
1
139;210
6
152;209
153;209
152;210
153;210
154;210
154;211
3
117;209
117;210
118;210
2
654;199
655;199
1
607;199
1
460;199
1
863;192
3
406;185
407;185
406;186
7
289;184
289;185
290;185
289;186
290;186
289;187
289;188
1
770;179
1
242;178
1
830;166
1
395;162
28
237;151
236;152
237;152
238;152
235;153
236;153
237;153
238;153
239;153
235;154
236;154
237;154
238;154
239;154
234;155
235;155
236;155
237;155
238;155
239;155
235;156
236;156
237;156
238;156
239;156
237;157
238;157
239;157
2
904;150
905;150
1
934;149
1
903;149
1
935;148
19
326;134
327;134
328;134
329;134
324;135
325;135
326;135
327;135
328;135
329;135
325;136
326;136
327;136
328;136
329;136
326;137
327;137
328;137
327;138
4
118;129
119;129
119;130
120;130
7
105;125
106;125
105;126
106;126
105;127
106;127
105;128
2
31;123
32;123
1
574;120
1
68;115
6
361;113
362;113
363;113
364;113
363;114
364;114
1
136;110
9
313;88
312;89
313;89
311;90
312;90
313;90
310;91
311;91
312;91
4
695;84
694;85
695;85
694;86
1
831;79
1
327;79
1
830;78
1
328;78
10
501;74
501;75
502;75
500;76
501;76
502;76
503;76
501;77
502;77
503;77
1
369;73
4
689;72
690;72
691;72
692;72
10
589;63
590;63
591;63
592;63
590;64
591;64
592;64
591;65
592;65
593;65
1
564;62
3
352;46
351;47
352;47
104
529;38
530;38
531;38
523;39
524;39
525;39
526;39
527;39
528;39
529;39
530;39
531;39
523;40
524;40
525;40
526;40
527;40
528;40
529;40
530;40
531;40
523;41
524;41
525;41
526;41
527;41
528;41
529;41
530;41
531;41
523;42
524;42
525;42
526;42
527;42
528;42
529;42
530;42
531;42
523;43
524;43
525;43
526;43
527;43
528;43
529;43
530;43
531;43
524;44
525;44
526;44
527;44
528;44
529;44
530;44
531;44
526;45
527;45
528;45
529;45
530;45
531;45
528;46
529;46
530;46
531;46
528;47
529;47
530;47
531;47
528;48
529;48
530;48
531;48
529;49
530;49
531;49
529;50
530;50
531;50
532;50
533;50
534;50
531;51
532;51
533;51
534;51
531;52
532;52
533;52
534;52
535;52
531;53
532;53
533;53
534;53
535;53
533;54
534;54
535;54
534;55
535;55
534;56
535;56
13
516;34
517;34
515;35
516;35
517;35
518;35
519;35
516;36
517;36
518;36
519;36
518;37
519;37
4
488;33
489;33
489;34
490;34
1
487;32
1
486;31
3576
0;0
1;0
2;0
3;0
4;0
5;0
6;0
7;0
8;0
9;0
10;0
11;0
12;0
13;0
14;0
15;0
16;0
17;0
18;0
19;0
20;0
21;0
22;0
23;0
24;0
25;0
26;0
27;0
28;0
29;0
30;0
31;0
32;0
33;0
34;0
35;0
36;0
37;0
38;0
39;0
40;0
41;0
42;0
43;0
44;0
45;0
46;0
47;0
48;0
49;0
50;0
51;0
52;0
53;0
54;0
55;0
56;0
57;0
58;0
59;0
60;0
61;0
62;0
63;0
64;0
65;0
66;0
67;0
68;0
69;0
70;0
71;0
72;0
73;0
74;0
75;0
76;0
77;0
78;0
79;0
80;0
81;0
82;0
83;0
84;0
85;0
86;0
87;0
88;0
89;0
90;0
91;0
92;0
93;0
94;0
95;0
96;0
97;0
98;0
99;0
100;0
101;0
102;0
103;0
104;0
105;0
106;0
107;0
108;0
109;0
110;0
111;0
112;0
113;0
114;0
115;0
116;0
117;0
118;0
119;0
120;0
121;0
122;0
123;0
124;0
125;0
126;0
127;0
128;0
129;0
130;0
131;0
132;0
133;0
134;0
135;0
136;0
137;0
138;0
139;0
140;0
141;0
142;0
143;0
144;0
145;0
146;0
147;0
148;0
149;0
150;0
151;0
152;0
153;0
154;0
155;0
156;0
157;0
158;0
159;0
160;0
161;0
162;0
163;0
164;0
165;0
166;0
167;0
168;0
169;0
170;0
171;0
172;0
173;0
174;0
175;0
176;0
177;0
178;0
179;0
180;0
181;0
182;0
183;0
184;0
185;0
186;0
187;0
188;0
189;0
190;0
191;0
192;0
193;0
194;0
195;0
196;0
197;0
198;0
199;0
200;0
201;0
202;0
203;0
204;0
205;0
206;0
207;0
208;0
209;0
210;0
211;0
212;0
213;0
214;0
215;0
216;0
217;0
218;0
219;0
220;0
221;0
222;0
223;0
224;0
225;0
226;0
227;0
228;0
229;0
230;0
231;0
232;0
233;0
234;0
235;0
236;0
237;0
238;0
239;0
240;0
241;0
242;0
243;0
244;0
245;0
246;0
247;0
248;0
249;0
250;0
251;0
252;0
253;0
254;0
255;0
256;0
257;0
258;0
259;0
260;0
261;0
262;0
263;0
264;0
265;0
266;0
267;0
268;0
269;0
270;0
271;0
272;0
273;0
274;0
275;0
276;0
277;0
278;0
279;0
280;0
281;0
282;0
283;0
284;0
285;0
286;0
287;0
288;0
289;0
290;0
291;0
292;0
293;0
294;0
295;0
296;0
297;0
298;0
299;0
300;0
301;0
302;0
303;0
304;0
305;0
306;0
307;0
308;0
309;0
310;0
311;0
312;0
313;0
314;0
315;0
316;0
317;0
318;0
319;0
320;0
321;0
322;0
323;0
324;0
325;0
326;0
327;0
328;0
329;0
330;0
331;0
332;0
333;0
334;0
335;0
336;0
337;0
338;0
339;0
340;0
341;0
342;0
343;0
344;0
345;0
346;0
347;0
348;0
349;0
350;0
351;0
352;0
353;0
354;0
355;0
356;0
357;0
358;0
359;0
360;0
361;0
362;0
363;0
364;0
365;0
366;0
367;0
368;0
369;0
370;0
371;0
372;0
373;0
374;0
375;0
376;0
377;0
378;0
379;0
380;0
381;0
382;0
383;0
384;0
385;0
386;0
387;0
388;0
389;0
390;0
391;0
392;0
393;0
394;0
395;0
396;0
397;0
398;0
399;0
400;0
401;0
402;0
403;0
404;0
405;0
406;0
407;0
408;0
409;0
410;0
411;0
412;0
413;0
414;0
415;0
416;0
417;0
418;0
419;0
420;0
421;0
422;0
423;0
424;0
425;0
426;0
427;0
428;0
429;0
430;0
431;0
432;0
433;0
434;0
435;0
436;0
437;0
438;0
439;0
440;0
441;0
442;0
443;0
444;0
445;0
446;0
447;0
448;0
449;0
450;0
451;0
452;0
453;0
454;0
455;0
456;0
457;0
458;0
459;0
460;0
461;0
462;0
463;0
464;0
465;0
466;0
467;0
468;0
469;0
470;0
471;0
472;0
473;0
474;0
475;0
476;0
477;0
478;0
479;0
480;0
481;0
482;0
483;0
484;0
485;0
486;0
487;0
488;0
489;0
490;0
491;0
492;0
493;0
494;0
495;0
496;0
497;0
498;0
499;0
500;0
501;0
502;0
503;0
504;0
505;0
506;0
507;0
508;0
509;0
510;0
511;0
512;0
513;0
514;0
515;0
516;0
517;0
518;0
519;0
520;0
521;0
522;0
523;0
524;0
525;0
526;0
527;0
528;0
529;0
530;0
531;0
532;0
533;0
534;0
535;0
536;0
537;0
538;0
539;0
540;0
541;0
542;0
543;0
544;0
545;0
546;0
547;0
548;0
549;0
550;0
551;0
552;0
553;0
554;0
555;0
556;0
557;0
558;0
559;0
560;0
561;0
562;0
563;0
564;0
565;0
566;0
567;0
568;0
569;0
570;0
571;0
572;0
573;0
574;0
575;0
576;0
577;0
578;0
579;0
580;0
581;0
582;0
583;0
584;0
585;0
586;0
587;0
588;0
589;0
590;0
591;0
592;0
593;0
594;0
595;0
596;0
597;0
598;0
599;0
600;0
601;0
602;0
603;0
604;0
605;0
606;0
607;0
608;0
609;0
610;0
611;0
612;0
613;0
614;0
615;0
616;0
617;0
618;0
619;0
620;0
621;0
622;0
623;0
624;0
625;0
626;0
627;0
628;0
629;0
630;0
631;0
632;0
633;0
634;0
635;0
636;0
637;0
638;0
639;0
640;0
641;0
642;0
643;0
644;0
645;0
646;0
647;0
648;0
649;0
650;0
651;0
652;0
653;0
654;0
655;0
656;0
657;0
658;0
659;0
660;0
661;0
662;0
663;0
664;0
665;0
666;0
667;0
668;0
669;0
670;0
671;0
672;0
673;0
674;0
675;0
676;0
677;0
678;0
679;0
680;0
681;0
682;0
683;0
684;0
685;0
686;0
687;0
688;0
689;0
690;0
691;0
692;0
693;0
694;0
695;0
696;0
697;0
698;0
699;0
700;0
701;0
702;0
703;0
704;0
705;0
706;0
707;0
708;0
709;0
710;0
711;0
712;0
713;0
714;0
715;0
716;0
717;0
718;0
719;0
720;0
721;0
722;0
723;0
724;0
725;0
726;0
727;0
728;0
729;0
730;0
731;0
732;0
733;0
734;0
735;0
736;0
737;0
738;0
739;0
740;0
741;0
742;0
743;0
744;0
745;0
746;0
747;0
748;0
749;0
750;0
751;0
752;0
753;0
754;0
755;0
756;0
757;0
758;0
759;0
760;0
761;0
762;0
763;0
764;0
765;0
766;0
767;0
768;0
769;0
770;0
771;0
772;0
773;0
774;0
775;0
776;0
777;0
778;0
779;0
780;0
781;0
782;0
783;0
784;0
785;0
786;0
787;0
788;0
789;0
790;0
791;0
792;0
793;0
794;0
795;0
796;0
797;0
798;0
799;0
800;0
801;0
802;0
803;0
804;0
805;0
806;0
807;0
808;0
809;0
810;0
811;0
812;0
813;0
814;0
815;0
816;0
817;0
818;0
819;0
820;0
821;0
822;0
823;0
824;0
825;0
826;0
827;0
828;0
829;0
830;0
831;0
832;0
833;0
834;0
835;0
836;0
837;0
838;0
839;0
840;0
841;0
842;0
843;0
844;0
845;0
846;0
847;0
848;0
849;0
850;0
851;0
852;0
853;0
854;0
855;0
856;0
857;0
858;0
859;0
860;0
861;0
862;0
863;0
864;0
865;0
866;0
867;0
868;0
869;0
870;0
871;0
872;0
873;0
874;0
875;0
876;0
877;0
878;0
879;0
880;0
881;0
882;0
883;0
884;0
885;0
886;0
887;0
888;0
889;0
890;0
891;0
892;0
893;0
894;0
895;0
896;0
897;0
898;0
899;0
900;0
901;0
902;0
903;0
904;0
905;0
906;0
907;0
908;0
909;0
910;0
911;0
912;0
913;0
914;0
915;0
916;0
917;0
918;0
919;0
920;0
921;0
922;0
923;0
924;0
925;0
926;0
927;0
928;0
929;0
930;0
931;0
932;0
933;0
934;0
935;0
936;0
937;0
938;0
939;0
940;0
941;0
942;0
943;0
944;0
945;0
946;0
947;0
948;0
949;0
950;0
951;0
952;0
953;0
954;0
955;0
956;0
957;0
958;0
959;0
960;0
961;0
962;0
963;0
964;0
965;0
966;0
967;0
968;0
969;0
970;0
971;0
972;0
973;0
974;0
975;0
976;0
977;0
978;0
979;0
980;0
981;0
982;0
983;0
984;0
985;0
986;0
987;0
988;0
989;0
990;0
991;0
992;0
993;0
994;0
995;0
996;0
997;0
998;0
999;0
1000;0
1001;0
1002;0
1003;0
1004;0
1005;0
1006;0
1007;0
1008;0
1009;0
1010;0
1011;0
1012;0
1013;0
1014;0
1015;0
1016;0
1017;0
1018;0
1019;0
1020;0
1021;0
1022;0
1023;0
0;1
1023;1
0;2
1023;2
0;3
1023;3
0;4
1023;4
0;5
1023;5
0;6
1023;6
0;7
1023;7
0;8
1023;8
0;9
1023;9
0;10
1023;10
0;11
1023;11
0;12
1023;12
0;13
1023;13
0;14
1023;14
0;15
1023;15
0;16
1023;16
0;17
1023;17
0;18
1023;18
0;19
1023;19
0;20
1023;20
0;21
1023;21
0;22
1023;22
0;23
1023;23
0;24
1023;24
0;25
1023;25
0;26
1023;26
0;27
1023;27
0;28
1023;28
0;29
1023;29
0;30
1023;30
0;31
1023;31
0;32
1023;32
0;33
1023;33
0;34
1023;34
0;35
1023;35
0;36
1023;36
0;37
1023;37
0;38
1023;38
0;39
1023;39
0;40
1023;40
0;41
1023;41
0;42
1023;42
0;43
1023;43
0;44
1023;44
0;45
1023;45
0;46
1023;46
0;47
1023;47
0;48
1023;48
0;49
1023;49
0;50
1023;50
0;51
1023;51
0;52
1023;52
0;53
1023;53
0;54
1023;54
0;55
1023;55
0;56
1023;56
0;57
1023;57
0;58
1023;58
0;59
1023;59
0;60
1023;60
0;61
1023;61
0;62
1023;62
0;63
1023;63
0;64
1023;64
0;65
1023;65
0;66
1023;66
0;67
1023;67
0;68
1023;68
0;69
1023;69
0;70
1023;70
0;71
1023;71
0;72
1023;72
0;73
1023;73
0;74
1023;74
0;75
1023;75
0;76
1023;76
0;77
1023;77
0;78
1023;78
0;79
1023;79
0;80
1023;80
0;81
1023;81
0;82
1023;82
0;83
1023;83
0;84
1023;84
0;85
1023;85
0;86
1023;86
0;87
1023;87
0;88
1023;88
0;89
1023;89
0;90
1023;90
0;91
1023;91
0;92
1023;92
0;93
1023;93
0;94
1023;94
0;95
1023;95
0;96
1023;96
0;97
1023;97
0;98
1023;98
0;99
1023;99
0;100
1023;100
0;101
1023;101
0;102
1023;102
0;103
1023;103
0;104
1023;104
0;105
1023;105
0;106
1023;106
0;107
1023;107
0;108
1023;108
0;109
1023;109
0;110
1023;110
0;111
1023;111
0;112
1023;112
0;113
1023;113
0;114
1023;114
0;115
1023;115
0;116
1023;116
0;117
1023;117
0;118
1023;118
0;119
1023;119
0;120
1023;120
0;121
1023;121
0;122
1023;122
0;123
1023;123
0;124
1023;124
0;125
1023;125
0;126
1023;126
0;127
1023;127
0;128
1023;128
0;129
1023;129
0;130
1023;130
0;131
1023;131
0;132
1023;132
0;133
1023;133
0;134
1023;134
0;135
1023;135
0;136
1023;136
0;137
1023;137
0;138
1023;138
0;139
1023;139
0;140
1023;140
0;141
1023;141
0;142
1023;142
0;143
1023;143
0;144
1023;144
0;145
1023;145
0;146
1023;146
0;147
1023;147
0;148
1023;148
0;149
1023;149
0;150
1023;150
0;151
1023;151
0;152
1023;152
0;153
1023;153
0;154
1023;154
0;155
1023;155
0;156
1023;156
0;157
1023;157
0;158
1023;158
0;159
1023;159
0;160
1023;160
0;161
1023;161
0;162
1023;162
0;163
1023;163
0;164
1023;164
0;165
1023;165
0;166
1023;166
0;167
1023;167
0;168
1023;168
0;169
1023;169
0;170
1023;170
0;171
1023;171
0;172
1023;172
0;173
1023;173
0;174
1023;174
0;175
1023;175
0;176
1023;176
0;177
1023;177
0;178
1023;178
0;179
1023;179
0;180
1023;180
0;181
1023;181
0;182
1023;182
0;183
1023;183
0;184
1023;184
0;185
1023;185
0;186
1023;186
0;187
1023;187
0;188
1023;188
0;189
1023;189
0;190
1023;190
0;191
1023;191
0;192
1023;192
0;193
1023;193
0;194
1023;194
0;195
1023;195
0;196
1023;196
0;197
1023;197
0;198
1023;198
0;199
1023;199
0;200
1023;200
0;201
1023;201
0;202
1023;202
0;203
1023;203
0;204
1023;204
0;205
1023;205
0;206
1023;206
0;207
1023;207
0;208
1023;208
0;209
1023;209
0;210
1023;210
0;211
1023;211
0;212
1023;212
0;213
1023;213
0;214
1023;214
0;215
1023;215
0;216
1023;216
0;217
1023;217
0;218
1023;218
0;219
1023;219
0;220
1023;220
0;221
1023;221
0;222
1023;222
0;223
1023;223
0;224
1023;224
0;225
1023;225
0;226
1023;226
0;227
1023;227
0;228
1023;228
0;229
1023;229
0;230
1023;230
0;231
1023;231
0;232
1023;232
0;233
1023;233
0;234
1023;234
0;235
1023;235
0;236
1023;236
0;237
1023;237
0;238
1023;238
0;239
1023;239
0;240
1023;240
0;241
1023;241
0;242
1023;242
0;243
1023;243
0;244
1023;244
0;245
1023;245
0;246
1023;246
0;247
1023;247
0;248
1023;248
0;249
1023;249
0;250
1023;250
0;251
1023;251
0;252
1023;252
0;253
1023;253
0;254
1023;254
0;255
1023;255
0;256
1023;256
0;257
1023;257
0;258
1023;258
0;259
1023;259
0;260
1023;260
0;261
1023;261
0;262
1023;262
0;263
1023;263
0;264
1023;264
0;265
1023;265
0;266
1023;266
0;267
1023;267
0;268
1023;268
0;269
1023;269
0;270
1023;270
0;271
1023;271
0;272
1023;272
0;273
1023;273
0;274
1023;274
0;275
1023;275
0;276
1023;276
0;277
1023;277
0;278
1023;278
0;279
1023;279
0;280
1023;280
0;281
1023;281
0;282
1023;282
0;283
1023;283
0;284
1023;284
0;285
1023;285
0;286
1023;286
0;287
1023;287
0;288
1023;288
0;289
1023;289
0;290
1023;290
0;291
1023;291
0;292
1023;292
0;293
1023;293
0;294
1023;294
0;295
1023;295
0;296
1023;296
0;297
1023;297
0;298
1023;298
0;299
1023;299
0;300
1023;300
0;301
1023;301
0;302
1023;302
0;303
1023;303
0;304
1023;304
0;305
1023;305
0;306
1023;306
0;307
1023;307
0;308
1023;308
0;309
1023;309
0;310
1023;310
0;311
1023;311
0;312
1023;312
0;313
1023;313
0;314
1023;314
0;315
1023;315
0;316
1023;316
0;317
1023;317
0;318
1023;318
0;319
1023;319
0;320
1023;320
0;321
1023;321
0;322
1023;322
0;323
1023;323
0;324
1023;324
0;325
1023;325
0;326
1023;326
0;327
1023;327
0;328
1023;328
0;329
1023;329
0;330
1023;330
0;331
1023;331
0;332
1023;332
0;333
1023;333
0;334
1023;334
0;335
1023;335
0;336
1023;336
0;337
1023;337
0;338
1023;338
0;339
1023;339
0;340
1023;340
0;341
1023;341
0;342
1023;342
0;343
1023;343
0;344
1023;344
0;345
1023;345
0;346
1023;346
0;347
1023;347
0;348
1023;348
0;349
1023;349
0;350
1023;350
0;351
1023;351
0;352
1023;352
0;353
1023;353
0;354
1023;354
0;355
1023;355
0;356
1023;356
0;357
1023;357
0;358
1023;358
0;359
1023;359
0;360
1023;360
0;361
1023;361
0;362
1023;362
0;363
1023;363
0;364
1023;364
0;365
1023;365
0;366
1023;366
0;367
1023;367
0;368
1023;368
0;369
1023;369
0;370
1023;370
0;371
1023;371
0;372
1023;372
0;373
1023;373
0;374
1023;374
0;375
1023;375
0;376
1023;376
0;377
1023;377
0;378
1023;378
0;379
1023;379
0;380
1023;380
0;381
1023;381
0;382
1023;382
0;383
1023;383
0;384
1023;384
0;385
1023;385
0;386
1023;386
0;387
1023;387
0;388
1023;388
0;389
1023;389
0;390
1023;390
0;391
1023;391
0;392
1023;392
0;393
1023;393
0;394
1023;394
0;395
1023;395
0;396
1023;396
0;397
1023;397
0;398
1023;398
0;399
1023;399
0;400
1023;400
0;401
1023;401
0;402
1023;402
0;403
1023;403
0;404
1023;404
0;405
1023;405
0;406
1023;406
0;407
1023;407
0;408
1023;408
0;409
1023;409
0;410
1023;410
0;411
1023;411
0;412
1023;412
0;413
1023;413
0;414
1023;414
0;415
1023;415
0;416
1023;416
0;417
1023;417
0;418
1023;418
0;419
1023;419
0;420
1023;420
0;421
1023;421
0;422
1023;422
0;423
1023;423
0;424
1023;424
0;425
1023;425
0;426
1023;426
0;427
1023;427
0;428
1023;428
0;429
1023;429
0;430
1023;430
0;431
1023;431
0;432
1023;432
0;433
1023;433
0;434
1023;434
0;435
1023;435
0;436
1023;436
0;437
1023;437
0;438
1023;438
0;439
1023;439
0;440
1023;440
0;441
1023;441
0;442
1023;442
0;443
1023;443
0;444
1023;444
0;445
1023;445
0;446
1023;446
0;447
1023;447
0;448
1023;448
0;449
1023;449
0;450
1023;450
0;451
1023;451
0;452
1023;452
0;453
1023;453
0;454
1023;454
0;455
1023;455
0;456
1023;456
0;457
1023;457
0;458
1023;458
0;459
1023;459
0;460
1023;460
0;461
1023;461
0;462
1023;462
0;463
1023;463
0;464
1023;464
0;465
1023;465
0;466
1023;466
0;467
1023;467
0;468
1023;468
0;469
1023;469
0;470
1023;470
0;471
1023;471
0;472
1023;472
0;473
1023;473
0;474
1023;474
0;475
1023;475
0;476
1023;476
0;477
1023;477
0;478
1023;478
0;479
1023;479
0;480
1023;480
0;481
1023;481
0;482
1023;482
0;483
1023;483
0;484
1023;484
0;485
1023;485
0;486
1023;486
0;487
1023;487
0;488
1023;488
0;489
1023;489
0;490
1023;490
0;491
1023;491
0;492
1023;492
0;493
1023;493
0;494
1023;494
0;495
1023;495
0;496
1023;496
0;497
1023;497
0;498
1023;498
0;499
1023;499
0;500
1023;500
0;501
1023;501
0;502
1023;502
0;503
1023;503
0;504
1023;504
0;505
1023;505
0;506
1023;506
0;507
1023;507
0;508
1023;508
0;509
1023;509
0;510
1023;510
0;511
1023;511
0;512
1023;512
0;513
1023;513
0;514
1023;514
0;515
1023;515
0;516
1023;516
0;517
1023;517
0;518
1023;518
0;519
1023;519
0;520
1023;520
0;521
1023;521
0;522
1023;522
0;523
1023;523
0;524
1023;524
0;525
1023;525
0;526
1023;526
0;527
1023;527
0;528
1023;528
0;529
1023;529
0;530
1023;530
0;531
1023;531
0;532
1023;532
0;533
1023;533
0;534
1023;534
0;535
1023;535
0;536
1023;536
0;537
1023;537
0;538
1023;538
0;539
1023;539
0;540
1023;540
0;541
1023;541
0;542
1023;542
0;543
1023;543
0;544
1023;544
0;545
1023;545
0;546
1023;546
0;547
1023;547
0;548
1023;548
0;549
1023;549
0;550
1023;550
0;551
1023;551
0;552
1023;552
0;553
1023;553
0;554
1023;554
0;555
1023;555
0;556
1023;556
0;557
1023;557
0;558
1023;558
0;559
1023;559
0;560
1023;560
0;561
1023;561
0;562
1023;562
0;563
1023;563
0;564
1023;564
0;565
1023;565
0;566
1023;566
0;567
1023;567
0;568
1023;568
0;569
1023;569
0;570
1023;570
0;571
1023;571
0;572
1023;572
0;573
1023;573
0;574
1023;574
0;575
1023;575
0;576
1023;576
0;577
1023;577
0;578
1023;578
0;579
1023;579
0;580
1023;580
0;581
1023;581
0;582
1023;582
0;583
1023;583
0;584
1023;584
0;585
1023;585
0;586
1023;586
0;587
1023;587
0;588
1023;588
0;589
1023;589
0;590
1023;590
0;591
1023;591
0;592
1023;592
0;593
1023;593
0;594
1023;594
0;595
1023;595
0;596
1023;596
0;597
1023;597
0;598
1023;598
0;599
1023;599
0;600
1023;600
0;601
1023;601
0;602
1023;602
0;603
1023;603
0;604
1023;604
0;605
1023;605
0;606
1023;606
0;607
1023;607
0;608
1023;608
0;609
1023;609
0;610
1023;610
0;611
1023;611
0;612
1023;612
0;613
1023;613
0;614
1023;614
0;615
1023;615
0;616
1023;616
0;617
1023;617
0;618
1023;618
0;619
1023;619
0;620
1023;620
0;621
1023;621
0;622
1023;622
0;623
1023;623
0;624
1023;624
0;625
1023;625
0;626
1023;626
0;627
1023;627
0;628
1023;628
0;629
1023;629
0;630
1023;630
0;631
1023;631
0;632
1023;632
0;633
1023;633
0;634
1023;634
0;635
1023;635
0;636
1023;636
0;637
1023;637
0;638
1023;638
0;639
1023;639
0;640
1023;640
0;641
1023;641
0;642
1023;642
0;643
1023;643
0;644
1023;644
0;645
1023;645
0;646
1023;646
0;647
1023;647
0;648
1023;648
0;649
1023;649
0;650
1023;650
0;651
1023;651
0;652
1023;652
0;653
1023;653
0;654
1023;654
0;655
1023;655
0;656
1023;656
0;657
1023;657
0;658
1023;658
0;659
1023;659
0;660
1023;660
0;661
1023;661
0;662
1023;662
0;663
1023;663
0;664
1023;664
0;665
1023;665
0;666
1023;666
0;667
1023;667
0;668
1023;668
0;669
1023;669
0;670
1023;670
0;671
1023;671
0;672
1023;672
0;673
1023;673
0;674
1023;674
0;675
1023;675
0;676
1023;676
0;677
1023;677
0;678
1023;678
0;679
1023;679
0;680
1023;680
0;681
1023;681
0;682
1023;682
0;683
1023;683
0;684
1023;684
0;685
1023;685
0;686
1023;686
0;687
1023;687
0;688
1023;688
0;689
1023;689
0;690
1023;690
0;691
1023;691
0;692
1023;692
0;693
1023;693
0;694
1023;694
0;695
1023;695
0;696
1023;696
0;697
1023;697
0;698
1023;698
0;699
1023;699
0;700
1023;700
0;701
1023;701
0;702
1023;702
0;703
1023;703
0;704
1023;704
0;705
1023;705
0;706
1023;706
0;707
1023;707
0;708
1023;708
0;709
1023;709
0;710
1023;710
0;711
1023;711
0;712
1023;712
0;713
1023;713
0;714
1023;714
0;715
1023;715
0;716
1023;716
0;717
1023;717
0;718
1023;718
0;719
1023;719
0;720
1023;720
0;721
1023;721
0;722
1023;722
0;723
1023;723
0;724
1023;724
0;725
1023;725
0;726
1023;726
0;727
1023;727
0;728
1023;728
0;729
1023;729
0;730
1023;730
0;731
1023;731
0;732
1023;732
0;733
1023;733
0;734
1023;734
0;735
1023;735
0;736
1023;736
0;737
1023;737
0;738
1023;738
0;739
1023;739
0;740
1023;740
0;741
1023;741
0;742
1023;742
0;743
1023;743
0;744
1023;744
0;745
1023;745
0;746
1023;746
0;747
1023;747
0;748
1023;748
0;749
1023;749
0;750
1023;750
0;751
1023;751
0;752
1023;752
0;753
1023;753
0;754
1023;754
0;755
1023;755
0;756
1023;756
0;757
1023;757
0;758
1023;758
0;759
1023;759
0;760
1023;760
0;761
1023;761
0;762
1023;762
0;763
1023;763
0;764
1023;764
0;765
1;765
2;765
3;765
4;765
5;765
6;765
7;765
8;765
9;765
10;765
11;765
12;765
13;765
14;765
15;765
16;765
17;765
18;765
19;765
20;765
21;765
22;765
23;765
24;765
25;765
26;765
27;765
28;765
29;765
30;765
31;765
32;765
33;765
34;765
35;765
36;765
37;765
38;765
39;765
40;765
41;765
42;765
43;765
44;765
45;765
46;765
47;765
48;765
49;765
50;765
51;765
52;765
53;765
54;765
55;765
56;765
57;765
58;765
59;765
60;765
61;765
62;765
63;765
64;765
65;765
66;765
67;765
68;765
69;765
70;765
71;765
72;765
73;765
74;765
75;765
76;765
77;765
78;765
79;765
80;765
81;765
82;765
83;765
84;765
85;765
86;765
87;765
88;765
89;765
90;765
91;765
92;765
93;765
94;765
95;765
96;765
97;765
98;765
99;765
100;765
101;765
102;765
103;765
104;765
105;765
106;765
107;765
108;765
109;765
110;765
111;765
112;765
113;765
114;765
115;765
116;765
117;765
118;765
119;765
120;765
121;765
122;765
123;765
124;765
125;765
126;765
127;765
128;765
129;765
130;765
131;765
132;765
133;765
134;765
135;765
136;765
137;765
138;765
139;765
140;765
141;765
142;765
143;765
144;765
145;765
146;765
147;765
148;765
149;765
150;765
151;765
152;765
153;765
154;765
155;765
156;765
157;765
158;765
159;765
160;765
161;765
162;765
163;765
164;765
165;765
166;765
167;765
168;765
169;765
170;765
171;765
172;765
173;765
174;765
175;765
176;765
177;765
178;765
179;765
180;765
181;765
182;765
183;765
184;765
185;765
186;765
187;765
188;765
189;765
190;765
191;765
192;765
193;765
194;765
195;765
196;765
197;765
198;765
199;765
200;765
201;765
202;765
203;765
204;765
205;765
206;765
207;765
208;765
209;765
210;765
211;765
212;765
213;765
214;765
215;765
216;765
217;765
218;765
219;765
220;765
221;765
222;765
223;765
224;765
225;765
226;765
227;765
228;765
229;765
230;765
231;765
232;765
233;765
234;765
235;765
236;765
237;765
238;765
239;765
240;765
241;765
242;765
243;765
244;765
245;765
246;765
247;765
248;765
249;765
250;765
251;765
252;765
253;765
254;765
255;765
256;765
257;765
258;765
259;765
260;765
261;765
262;765
263;765
264;765
265;765
266;765
267;765
268;765
269;765
270;765
271;765
272;765
273;765
274;765
275;765
276;765
277;765
278;765
279;765
280;765
281;765
282;765
283;765
284;765
285;765
286;765
287;765
288;765
289;765
290;765
291;765
292;765
293;765
294;765
295;765
296;765
297;765
298;765
299;765
300;765
301;765
302;765
303;765
304;765
305;765
306;765
307;765
308;765
309;765
310;765
311;765
312;765
313;765
314;765
315;765
316;765
317;765
318;765
319;765
320;765
321;765
322;765
323;765
324;765
325;765
326;765
327;765
328;765
329;765
330;765
331;765
332;765
333;765
334;765
335;765
336;765
337;765
338;765
339;765
340;765
341;765
342;765
343;765
344;765
345;765
346;765
347;765
348;765
349;765
350;765
351;765
352;765
353;765
354;765
355;765
356;765
357;765
358;765
359;765
360;765
361;765
362;765
363;765
364;765
365;765
366;765
367;765
368;765
369;765
370;765
371;765
372;765
373;765
374;765
375;765
376;765
377;765
378;765
379;765
380;765
381;765
382;765
383;765
384;765
385;765
386;765
387;765
388;765
389;765
390;765
391;765
392;765
393;765
394;765
395;765
396;765
397;765
398;765
399;765
400;765
401;765
402;765
403;765
404;765
405;765
406;765
407;765
408;765
409;765
410;765
411;765
412;765
413;765
414;765
415;765
416;765
417;765
418;765
419;765
420;765
421;765
422;765
423;765
424;765
425;765
426;765
427;765
428;765
429;765
430;765
431;765
432;765
433;765
434;765
435;765
436;765
437;765
438;765
439;765
440;765
441;765
442;765
443;765
444;765
445;765
446;765
447;765
448;765
449;765
450;765
451;765
452;765
453;765
454;765
455;765
456;765
457;765
458;765
459;765
460;765
461;765
462;765
463;765
464;765
465;765
466;765
467;765
468;765
469;765
470;765
471;765
472;765
473;765
474;765
475;765
476;765
477;765
478;765
479;765
480;765
481;765
482;765
483;765
484;765
485;765
486;765
487;765
488;765
489;765
490;765
491;765
492;765
493;765
494;765
495;765
496;765
497;765
498;765
499;765
500;765
501;765
502;765
503;765
504;765
505;765
506;765
507;765
508;765
509;765
510;765
511;765
512;765
513;765
514;765
515;765
516;765
517;765
518;765
519;765
520;765
521;765
522;765
523;765
524;765
525;765
526;765
527;765
528;765
529;765
530;765
531;765
532;765
533;765
534;765
535;765
536;765
537;765
538;765
539;765
540;765
541;765
542;765
543;765
544;765
545;765
546;765
547;765
548;765
549;765
550;765
551;765
552;765
553;765
554;765
555;765
556;765
557;765
558;765
559;765
560;765
561;765
562;765
563;765
564;765
565;765
566;765
567;765
568;765
569;765
570;765
571;765
572;765
573;765
574;765
575;765
576;765
577;765
578;765
579;765
580;765
581;765
582;765
583;765
584;765
585;765
586;765
587;765
588;765
589;765
590;765
591;765
592;765
593;765
594;765
595;765
596;765
597;765
598;765
599;765
600;765
601;765
602;765
603;765
604;765
605;765
606;765
607;765
608;765
609;765
610;765
611;765
612;765
613;765
614;765
615;765
616;765
617;765
618;765
619;765
620;765
621;765
622;765
623;765
624;765
625;765
626;765
627;765
628;765
629;765
630;765
631;765
632;765
633;765
634;765
635;765
636;765
637;765
638;765
639;765
640;765
641;765
642;765
643;765
644;765
645;765
646;765
647;765
648;765
649;765
650;765
651;765
652;765
653;765
654;765
655;765
656;765
657;765
658;765
659;765
660;765
661;765
662;765
663;765
664;765
665;765
666;765
667;765
668;765
669;765
670;765
671;765
672;765
673;765
674;765
675;765
676;765
677;765
678;765
679;765
680;765
681;765
682;765
683;765
684;765
685;765
686;765
687;765
688;765
689;765
690;765
691;765
692;765
693;765
694;765
695;765
696;765
697;765
698;765
699;765
700;765
701;765
702;765
703;765
704;765
705;765
706;765
707;765
708;765
709;765
710;765
711;765
712;765
713;765
714;765
715;765
716;765
717;765
718;765
719;765
720;765
721;765
722;765
723;765
724;765
725;765
726;765
727;765
728;765
729;765
730;765
731;765
732;765
733;765
734;765
735;765
736;765
737;765
738;765
739;765
740;765
741;765
742;765
743;765
744;765
745;765
746;765
747;765
748;765
749;765
750;765
751;765
752;765
753;765
754;765
755;765
756;765
757;765
758;765
759;765
760;765
761;765
762;765
763;765
764;765
765;765
766;765
767;765
768;765
769;765
770;765
771;765
772;765
773;765
774;765
775;765
776;765
777;765
778;765
779;765
780;765
781;765
782;765
783;765
784;765
785;765
786;765
787;765
788;765
789;765
790;765
791;765
792;765
793;765
794;765
795;765
796;765
797;765
798;765
799;765
800;765
801;765
802;765
803;765
804;765
805;765
806;765
807;765
808;765
809;765
810;765
811;765
812;765
813;765
814;765
815;765
816;765
817;765
818;765
819;765
820;765
821;765
822;765
823;765
824;765
825;765
826;765
827;765
828;765
829;765
830;765
831;765
832;765
833;765
834;765
835;765
836;765
837;765
838;765
839;765
840;765
841;765
842;765
843;765
844;765
845;765
846;765
847;765
848;765
849;765
850;765
851;765
852;765
853;765
854;765
855;765
856;765
857;765
858;765
859;765
860;765
861;765
862;765
863;765
864;765
865;765
866;765
867;765
868;765
869;765
870;765
871;765
872;765
873;765
874;765
875;765
876;765
877;765
878;765
879;765
880;765
881;765
882;765
883;765
884;765
885;765
886;765
887;765
888;765
889;765
890;765
891;765
892;765
893;765
894;765
895;765
896;765
897;765
898;765
899;765
900;765
901;765
902;765
903;765
904;765
905;765
906;765
907;765
908;765
909;765
910;765
911;765
912;765
913;765
914;765
915;765
916;765
917;765
918;765
919;765
920;765
921;765
922;765
923;765
924;765
925;765
926;765
927;765
928;765
929;765
930;765
931;765
932;765
933;765
934;765
935;765
936;765
937;765
938;765
939;765
940;765
941;765
942;765
943;765
944;765
945;765
946;765
947;765
948;765
949;765
950;765
951;765
952;765
953;765
954;765
955;765
956;765
957;765
958;765
959;765
960;765
961;765
962;765
963;765
964;765
965;765
966;765
967;765
968;765
969;765
970;765
971;765
972;765
973;765
974;765
975;765
976;765
977;765
978;765
979;765
980;765
981;765
982;765
983;765
984;765
985;765
986;765
987;765
988;765
989;765
990;765
991;765
992;765
993;765
994;765
995;765
996;765
997;765
998;765
999;765
1000;765
1001;765
1002;765
1003;765
1004;765
1005;765
1006;765
1007;765
1008;765
1009;765
1010;765
1011;765
1012;765
1013;765
1014;765
1015;765
1016;765
1017;765
1018;765
1019;765
1020;765
1021;765
1022;765
1023;765
175