230
50
631;760
632;760
633;760
627;761
628;761
629;761
630;761
631;761
632;761
633;761
634;761
626;762
627;762
628;762
629;762
630;762
631;762
632;762
633;762
634;762
625;763
626;763
627;763
628;763
629;763
630;763
631;763
632;763
633;763
634;763
625;764
626;764
627;764
628;764
629;764
630;764
631;764
632;764
633;764
634;764
625;765
626;765
627;765
628;765
629;765
630;765
631;765
632;765
633;765
634;765
16
557;760
558;760
559;760
557;761
558;761
559;761
560;761
561;761
559;762
560;762
559;763
560;763
559;764
560;764
559;765
560;765
3
701;753
702;753
703;753
24
594;747
595;747
593;748
594;748
595;748
596;748
597;748
593;749
594;749
595;749
596;749
597;749
598;749
593;750
594;750
595;750
596;750
597;750
598;750
599;750
595;751
596;751
597;751
596;752
1
604;736
1
605;735
28
86;728
87;728
88;728
89;728
90;728
91;728
92;728
87;729
88;729
89;729
90;729
91;729
92;729
93;729
94;729
89;730
90;730
91;730
92;730
93;730
94;730
89;731
90;731
91;731
92;731
93;731
91;732
92;732
97
718;715
719;715
720;715
721;715
722;715
715;716
716;716
717;716
718;716
719;716
720;716
721;716
722;716
723;716
724;716
708;717
709;717
710;717
711;717
712;717
713;717
714;717
715;717
716;717
717;717
718;717
719;717
720;717
721;717
722;717
723;717
724;717
708;718
709;718
710;718
711;718
712;718
713;718
714;718
715;718
716;718
717;718
718;718
719;718
720;718
721;718
722;718
723;718
709;719
710;719
711;719
712;719
713;719
714;719
715;719
716;719
717;719
718;719
719;719
720;719
721;719
722;719
723;719
712;720
713;720
714;720
715;720
716;720
717;720
718;720
719;720
720;720
721;720
722;720
723;720
713;721
714;721
715;721
716;721
717;721
718;721
719;721
720;721
721;721
722;721
714;722
715;722
716;722
717;722
718;722
719;722
720;722
721;722
717;723
718;723
719;723
720;723
1
705;712
18
731;708
731;709
732;709
731;710
732;710
733;710
731;711
732;711
733;711
734;711
731;712
732;712
733;712
734;712
731;713
732;713
733;713
734;713
16
189;707
190;707
191;707
192;707
193;707
194;707
195;707
187;708
188;708
189;708
190;708
191;708
192;708
193;708
194;708
189;709
9
771;706
772;706
773;706
774;706
775;706
771;707
772;707
773;707
774;707
5
451;703
451;704
452;704
451;705
452;705
4
450;698
450;699
450;700
450;701
36
842;697
843;697
844;697
845;697
846;697
847;697
842;698
843;698
844;698
845;698
846;698
847;698
843;699
844;699
845;699
846;699
847;699
848;699
844;700
845;700
846;700
847;700
848;700
849;700
850;700
845;701
846;701
847;701
848;701
849;701
850;701
851;701
846;702
847;702
848;702
849;702
1
448;696
24
662;689
663;689
664;689
662;690
663;690
664;690
665;690
666;690
667;690
662;691
663;691
664;691
665;691
666;691
667;691
662;692
663;692
664;692
665;692
666;692
667;692
663;693
664;693
665;693
27
197;682
195;683
196;683
197;683
198;683
194;684
195;684
196;684
197;684
198;684
199;684
194;685
195;685
196;685
197;685
198;685
199;685
195;686
196;686
197;686
198;686
199;686
196;687
197;687
198;687
196;688
197;688
92
134;677
135;677
136;677
137;677
138;677
139;677
140;677
141;677
142;677
132;678
133;678
134;678
135;678
136;678
137;678
138;678
139;678
140;678
141;678
142;678
143;678
144;678
130;679
131;679
132;679
133;679
134;679
135;679
136;679
137;679
138;679
139;679
140;679
141;679
142;679
143;679
144;679
145;679
146;679
131;680
132;680
133;680
134;680
135;680
136;680
137;680
138;680
139;680
140;680
141;680
142;680
143;680
144;680
145;680
146;680
147;680
141;681
142;681
143;681
144;681
145;681
146;681
147;681
148;681
141;682
142;682
143;682
144;682
145;682
146;682
147;682
148;682
141;683
142;683
143;683
144;683
145;683
146;683
147;683
148;683
149;683
141;684
142;684
143;684
144;684
145;684
146;684
147;684
148;684
149;684
148;685
149;685
7
646;675
647;675
645;676
646;676
647;676
645;677
646;677
2
648;674
649;674
34
889;664
890;664
891;664
892;664
893;664
894;664
890;665
891;665
892;665
893;665
890;666
891;666
892;666
893;666
890;667
891;667
892;667
893;667
890;668
891;668
892;668
893;668
890;669
891;669
892;669
890;670
891;670
892;670
890;671
891;671
892;671
891;672
892;672
891;673
1
899;663
26
862;663
863;663
861;664
862;664
863;664
859;665
860;665
861;665
857;666
858;666
859;666
860;666
857;667
858;667
859;667
860;667
857;668
858;668
859;668
860;668
857;669
858;669
857;670
858;670
857;671
858;671
27
282;655
283;655
281;656
282;656
283;656
280;657
281;657
282;657
280;658
281;658
282;658
280;659
281;659
282;659
279;660
280;660
281;660
282;660
278;661
279;661
280;661
281;661
278;662
279;662
280;662
278;663
279;663
4
285;652
284;653
285;653
284;654
43
588;649
589;649
584;650
585;650
586;650
587;650
588;650
589;650
590;650
591;650
581;651
582;651
583;651
584;651
585;651
586;651
587;651
588;651
589;651
590;651
581;652
582;652
583;652
584;652
585;652
586;652
587;652
588;652
580;653
581;653
582;653
583;653
584;653
585;653
586;653
580;654
581;654
582;654
583;654
584;654
585;654
582;655
583;655
8
302;646
303;646
303;647
304;647
304;648
305;648
305;649
306;649
33
695;644
696;644
697;644
698;644
699;644
695;645
696;645
697;645
698;645
699;645
700;645
695;646
696;646
697;646
698;646
699;646
700;646
695;647
696;647
697;647
698;647
699;647
700;647
696;648
697;648
698;648
699;648
700;648
698;649
699;649
700;649
699;650
700;650
7
885;641
886;641
887;641
888;641
886;642
887;642
888;642
2
882;638
882;639
2
20;637
21;637
1
194;633
41
607;631
608;631
606;632
607;632
608;632
609;632
605;633
606;633
607;633
608;633
609;633
610;633
604;634
605;634
606;634
607;634
608;634
609;634
610;634
603;635
604;635
605;635
606;635
607;635
608;635
609;635
610;635
611;635
612;635
605;636
606;636
607;636
608;636
609;636
610;636
611;636
606;637
607;637
608;637
609;637
610;637
3
211;631
211;632
211;633
26
666;630
666;631
666;632
666;633
666;634
667;634
664;635
665;635
666;635
667;635
663;636
664;636
665;636
666;636
661;637
662;637
663;637
664;637
665;637
659;638
660;638
661;638
658;639
659;639
660;639
661;639
67
701;628
702;628
698;629
699;629
700;629
701;629
702;629
697;630
698;630
699;630
700;630
701;630
702;630
703;630
696;631
697;631
698;631
699;631
700;631
701;631
702;631
703;631
696;632
697;632
698;632
699;632
700;632
701;632
702;632
703;632
704;632
695;633
696;633
697;633
698;633
699;633
700;633
701;633
702;633
703;633
704;633
705;633
694;634
695;634
696;634
697;634
698;634
699;634
700;634
701;634
702;634
703;634
704;634
705;634
706;634
694;635
695;635
696;635
697;635
698;635
699;635
700;635
701;635
702;635
703;635
704;635
705;635
26
823;621
822;622
823;622
824;622
822;623
823;623
824;623
825;623
822;624
823;624
824;624
825;624
822;625
823;625
824;625
825;625
822;626
823;626
824;626
825;626
823;627
824;627
825;627
825;628
826;628
826;629
1
764;621
1
763;620
6
420;612
419;613
420;613
417;614
418;614
419;614
98
797;610
798;610
795;611
796;611
797;611
798;611
799;611
800;611
792;612
793;612
794;612
795;612
796;612
797;612
798;612
799;612
800;612
801;612
802;612
791;613
792;613
793;613
794;613
795;613
796;613
797;613
798;613
799;613
800;613
801;613
802;613
803;613
789;614
790;614
791;614
792;614
793;614
794;614
795;614
796;614
797;614
798;614
799;614
800;614
801;614
802;614
803;614
789;615
790;615
791;615
792;615
793;615
794;615
795;615
796;615
797;615
798;615
799;615
800;615
801;615
802;615
803;615
789;616
790;616
791;616
792;616
793;616
794;616
795;616
796;616
797;616
798;616
799;616
800;616
801;616
802;616
791;617
792;617
793;617
794;617
795;617
796;617
797;617
798;617
799;617
800;617
801;617
802;617
793;618
794;618
795;618
796;618
797;618
798;618
799;618
800;618
796;619
797;619
124
732;607
733;607
734;607
735;607
736;607
737;607
746;607
731;608
732;608
733;608
734;608
735;608
736;608
737;608
733;609
734;609
735;609
736;609
733;610
734;610
735;610
736;610
733;611
734;611
735;611
736;611
734;612
735;612
736;612
734;613
735;613
736;613
734;614
735;614
736;614
734;615
735;615
736;615
734;616
735;616
736;616
737;616
734;617
735;617
736;617
737;617
738;617
739;617
734;618
735;618
736;618
737;618
738;618
739;618
734;619
735;619
736;619
737;619
738;619
739;619
734;620
735;620
736;620
737;620
738;620
739;620
734;621
735;621
736;621
737;621
738;621
739;621
734;622
735;622
736;622
737;622
738;622
739;622
735;623
736;623
737;623
738;623
739;623
736;624
737;624
738;624
739;624
737;625
738;625
739;625
740;625
741;625
742;625
743;625
738;626
739;626
740;626
741;626
742;626
743;626
744;626
745;626
740;627
741;627
742;627
743;627
744;627
745;627
746;627
747;627
748;627
749;627
743;628
744;628
745;628
746;628
747;628
748;628
744;629
745;629
746;629
747;629
748;629
747;630
1
890;600
103
737;597
738;597
739;597
740;597
741;597
742;597
739;598
740;598
741;598
742;598
743;598
744;598
745;598
746;598
740;599
741;599
742;599
743;599
744;599
745;599
746;599
747;599
748;599
749;599
740;600
741;600
742;600
743;600
744;600
745;600
746;600
747;600
748;600
749;600
750;600
740;601
741;601
742;601
743;601
744;601
745;601
746;601
747;601
748;601
749;601
750;601
751;601
740;602
741;602
742;602
743;602
744;602
745;602
746;602
747;602
748;602
749;602
750;602
751;602
752;602
740;603
741;603
742;603
743;603
744;603
745;603
746;603
747;603
748;603
749;603
750;603
751;603
752;603
740;604
741;604
742;604
743;604
744;604
745;604
746;604
747;604
748;604
749;604
750;604
751;604
752;604
740;605
741;605
742;605
743;605
744;605
745;605
746;605
739;606
740;606
741;606
742;606
743;606
744;606
745;606
746;606
737;607
746;607
5
405;597
406;597
406;598
407;598
408;598
1
403;596
18
663;592
662;593
663;593
664;593
661;594
662;594
663;594
664;594
665;594
664;595
665;595
666;595
664;596
665;596
666;596
664;597
665;597
666;597
16
53;586
54;586
53;587
54;587
53;588
54;588
55;588
53;589
54;589
55;589
56;589
53;590
54;590
55;590
56;590
57;590
2
835;583
835;584
13
576;579
577;579
575;580
576;580
577;580
578;580
575;581
576;581
577;581
578;581
576;582
577;582
576;583
39
645;578
646;578
644;579
645;579
646;579
647;579
642;580
643;580
644;580
645;580
646;580
647;580
648;580
649;580
650;580
643;581
644;581
645;581
646;581
647;581
648;581
649;581
650;581
643;582
644;582
645;582
646;582
647;582
648;582
649;582
650;582
645;583
646;583
647;583
648;583
649;583
646;584
647;584
648;584
2
115;576
116;576
2
627;573
627;574
4
628;572
629;572
630;572
631;572
142
733;570
734;570
722;571
723;571
732;571
733;571
734;571
721;572
722;572
723;572
724;572
725;572
726;572
727;572
728;572
729;572
730;572
731;572
732;572
720;573
721;573
722;573
723;573
724;573
725;573
726;573
727;573
728;573
729;573
730;573
731;573
732;573
719;574
720;574
721;574
722;574
723;574
724;574
725;574
726;574
727;574
728;574
729;574
730;574
731;574
732;574
720;575
721;575
722;575
723;575
724;575
725;575
726;575
727;575
728;575
729;575
730;575
731;575
732;575
721;576
722;576
723;576
724;576
725;576
726;576
727;576
728;576
729;576
730;576
731;576
732;576
725;577
726;577
727;577
728;577
729;577
730;577
731;577
732;577
726;578
727;578
728;578
729;578
730;578
731;578
732;578
726;579
727;579
728;579
729;579
730;579
731;579
732;579
730;580
731;580
732;580
730;581
731;581
732;581
733;581
730;582
731;582
732;582
733;582
734;582
735;582
731;583
732;583
733;583
734;583
735;583
736;583
737;583
731;584
732;584
733;584
734;584
735;584
736;584
737;584
738;584
739;584
731;585
732;585
733;585
734;585
735;585
736;585
737;585
738;585
739;585
732;586
733;586
734;586
735;586
736;586
737;586
732;587
733;587
734;587
735;587
736;587
5
990;567
991;567
992;567
990;568
991;568
1
566;567
26
974;565
975;565
976;565
977;565
978;565
979;565
973;566
974;566
975;566
976;566
977;566
978;566
979;566
973;567
974;567
975;567
976;567
977;567
978;567
979;567
973;568
974;568
975;568
976;568
977;568
978;568
1
423;565
55
453;562
450;563
451;563
452;563
453;563
454;563
455;563
449;564
450;564
451;564
452;564
453;564
454;564
455;564
456;564
448;565
449;565
450;565
451;565
452;565
453;565
454;565
455;565
456;565
447;566
448;566
449;566
450;566
451;566
452;566
453;566
454;566
455;566
456;566
448;567
449;567
450;567
451;567
452;567
453;567
454;567
455;567
456;567
449;568
450;568
451;568
452;568
453;568
454;568
455;568
449;569
450;569
451;569
452;569
453;569
6
753;556
754;556
753;557
754;557
754;558
754;559
1
726;551
31
114;547
112;548
113;548
114;548
110;549
111;549
112;549
113;549
109;550
110;550
111;550
112;550
108;551
109;551
110;551
111;551
112;551
107;552
108;552
109;552
110;552
111;552
112;552
106;553
107;553
108;553
109;553
110;553
111;553
107;554
108;554
8
700;545
700;546
700;547
701;547
700;548
701;548
700;549
701;549
64
815;543
816;543
817;543
813;544
814;544
815;544
816;544
817;544
818;544
819;544
811;545
812;545
813;545
814;545
815;545
816;545
817;545
818;545
819;545
820;545
811;546
812;546
813;546
814;546
815;546
816;546
817;546
818;546
819;546
820;546
821;546
810;547
811;547
812;547
813;547
814;547
815;547
816;547
817;547
818;547
819;547
820;547
821;547
822;547
812;548
813;548
814;548
815;548
816;548
817;548
818;548
819;548
820;548
821;548
822;548
817;549
818;549
819;549
820;549
821;549
822;549
823;549
822;550
823;550
22
614;542
615;542
616;542
613;543
614;543
615;543
616;543
617;543
613;544
614;544
615;544
616;544
617;544
618;544
614;545
615;545
616;545
617;545
618;545
619;545
618;546
619;546
4
663;534
661;535
662;535
663;535
1
233;534
34
789;527
790;527
791;527
789;528
790;528
791;528
792;528
793;528
794;528
790;529
791;529
792;529
793;529
794;529
795;529
796;529
797;529
791;530
792;530
793;530
794;530
795;530
796;530
797;530
792;531
793;531
794;531
795;531
796;531
797;531
793;532
794;532
795;532
796;532
7
193;520
191;521
192;521
193;521
191;522
192;522
193;522
21
481;518
479;519
480;519
481;519
482;519
483;519
484;519
479;520
480;520
481;520
482;520
483;520
484;520
485;520
486;520
482;521
483;521
484;521
485;521
483;522
484;522
4
540;512
539;513
540;513
541;513
27
411;512
412;512
413;512
414;512
410;513
411;513
412;513
413;513
414;513
415;513
416;513
410;514
411;514
412;514
413;514
414;514
415;514
416;514
417;514
409;515
410;515
411;515
412;515
413;515
414;515
415;515
416;515
35
981;510
981;511
982;511
983;511
981;512
982;512
983;512
984;512
985;512
981;513
982;513
983;513
984;513
985;513
981;514
982;514
983;514
984;514
985;514
981;515
982;515
983;515
984;515
981;516
982;516
983;516
984;516
981;517
982;517
983;517
984;517
981;518
982;518
983;518
982;519
1
973;507
52
804;507
805;507
806;507
807;507
803;508
804;508
805;508
806;508
807;508
808;508
809;508
810;508
803;509
804;509
805;509
806;509
807;509
808;509
809;509
810;509
811;509
804;510
805;510
806;510
807;510
808;510
809;510
810;510
811;510
812;510
813;510
814;510
815;510
816;510
817;510
818;510
819;510
805;511
806;511
807;511
808;511
809;511
810;511
811;511
812;511
813;511
814;511
815;511
816;511
817;511
813;512
814;512
6
976;505
977;505
974;506
975;506
976;506
977;506
11
358;505
359;505
360;505
361;505
358;506
359;506
360;506
361;506
362;506
363;506
361;507
1
732;495
26
343;489
344;489
345;489
346;489
347;489
348;489
343;490
344;490
345;490
346;490
347;490
348;490
343;491
344;491
345;491
346;491
347;491
348;491
349;491
344;492
345;492
346;492
347;492
348;492
349;492
349;493
69
551;482
550;483
551;483
552;483
549;484
550;484
551;484
552;484
553;484
548;485
549;485
550;485
551;485
552;485
553;485
554;485
548;486
549;486
550;486
551;486
552;486
553;486
554;486
547;487
548;487
549;487
550;487
551;487
552;487
553;487
554;487
548;488
549;488
550;488
551;488
552;488
553;488
554;488
555;488
556;488
549;489
550;489
551;489
552;489
553;489
554;489
555;489
556;489
557;489
558;489
559;489
560;489
561;489
562;489
549;490
550;490
551;490
552;490
560;490
561;490
562;490
563;490
549;491
550;491
561;491
562;491
563;491
564;491
562;492
17
477;481
478;481
479;481
475;482
476;482
477;482
478;482
479;482
473;483
474;483
475;483
476;483
477;483
478;483
474;484
475;484
476;484
1
516;463
35
638;453
639;453
638;454
639;454
640;454
641;454
638;455
639;455
640;455
641;455
642;455
638;456
639;456
640;456
641;456
642;456
638;457
639;457
640;457
641;457
642;457
643;457
644;457
639;458
640;458
641;458
642;458
643;458
644;458
645;458
640;459
641;459
642;459
643;459
641;460
4
926;452
926;453
927;453
926;454
8
437;452
438;452
437;453
438;453
439;453
438;454
439;454
440;454
7
459;440
459;441
460;441
461;441
462;441
459;442
460;442
39
710;437
711;437
712;437
709;438
710;438
711;438
712;438
713;438
714;438
709;439
710;439
711;439
712;439
713;439
714;439
715;439
709;440
710;440
711;440
712;440
713;440
714;440
715;440
709;441
710;441
711;441
712;441
713;441
714;441
709;442
710;442
711;442
712;442
713;442
709;443
710;443
711;443
709;444
710;444
34
681;433
682;433
683;433
684;433
685;433
686;433
687;433
688;433
679;434
680;434
681;434
682;434
683;434
684;434
685;434
686;434
687;434
679;435
680;435
681;435
682;435
683;435
684;435
685;435
686;435
687;435
679;436
680;436
681;436
682;436
683;436
684;436
685;436
680;437
1
1023;415
28
626;406
627;406
628;406
625;407
626;407
627;407
628;407
623;408
624;408
625;408
626;408
627;408
628;408
622;409
623;409
624;409
625;409
626;409
627;409
628;409
623;410
624;410
625;410
626;410
627;410
628;410
625;411
626;411
5
661;402
660;403
661;403
660;404
661;404
8
453;399
454;399
453;400
454;400
455;400
453;401
454;401
455;401
10
260;391
261;391
262;391
259;392
260;392
261;392
262;392
263;392
259;393
260;393
13
80;390
81;390
82;390
80;391
81;391
82;391
80;392
81;392
82;392
79;393
80;393
81;393
80;394
26
686;388
682;389
683;389
684;389
685;389
686;389
687;389
682;390
683;390
684;390
685;390
686;390
687;390
682;391
683;391
684;391
685;391
686;391
687;391
683;392
684;392
685;392
686;392
687;392
684;393
685;393
18
719;378
720;378
719;379
720;379
719;380
720;380
719;381
720;381
720;382
721;382
720;383
721;383
720;384
721;384
722;384
721;385
722;385
723;385
28
607;373
608;373
609;373
607;374
608;374
609;374
607;375
608;375
609;375
610;375
608;376
609;376
610;376
611;376
609;377
610;377
611;377
609;378
610;378
611;378
612;378
610;379
611;379
612;379
613;379
611;380
612;380
613;380
14
709;362
710;362
711;362
712;362
713;362
714;362
709;363
710;363
711;363
712;363
713;363
710;364
711;364
712;364
14
339;354
340;354
341;354
342;354
339;355
340;355
341;355
342;355
343;355
340;356
341;356
342;356
341;357
342;357
11
834;349
835;349
836;349
837;349
838;349
839;349
837;350
838;350
839;350
840;350
838;351
4
851;348
852;348
850;349
851;349
1
853;347
44
774;343
775;343
776;343
777;343
778;343
773;344
774;344
775;344
776;344
777;344
778;344
771;345
772;345
773;345
774;345
775;345
776;345
777;345
778;345
771;346
772;346
773;346
774;346
775;346
776;346
777;346
778;346
771;347
772;347
773;347
774;347
775;347
776;347
777;347
772;348
773;348
774;348
775;348
776;348
773;349
774;349
775;349
773;350
774;350
16
780;337
781;337
779;338
780;338
781;338
782;338
779;339
780;339
781;339
782;339
783;339
779;340
780;340
781;340
782;340
779;341
23
727;322
728;322
729;322
727;323
728;323
729;323
730;323
731;323
732;323
733;323
734;323
735;323
726;324
727;324
728;324
729;324
730;324
731;324
732;324
733;324
727;325
728;325
729;325
7
673;321
674;321
669;322
670;322
671;322
672;322
673;322
26
490;320
491;320
490;321
491;321
489;322
490;322
491;322
492;322
487;323
488;323
489;323
490;323
491;323
492;323
488;324
489;324
490;324
491;324
492;324
490;325
491;325
492;325
493;325
491;326
492;326
493;326
12
821;306
822;306
823;306
822;307
823;307
824;307
823;308
824;308
824;309
825;309
825;310
826;310
88
288;305
289;305
286;306
287;306
288;306
289;306
290;306
286;307
287;307
288;307
289;307
290;307
291;307
292;307
293;307
294;307
295;307
296;307
285;308
286;308
287;308
288;308
289;308
290;308
291;308
292;308
293;308
294;308
295;308
296;308
285;309
286;309
287;309
288;309
289;309
290;309
291;309
292;309
293;309
294;309
295;309
296;309
284;310
285;310
286;310
287;310
288;310
289;310
290;310
291;310
292;310
293;310
294;310
295;310
296;310
284;311
285;311
286;311
287;311
288;311
289;311
290;311
291;311
292;311
293;311
294;311
285;312
286;312
287;312
288;312
289;312
290;312
291;312
292;312
293;312
286;313
287;313
288;313
289;313
290;313
291;313
292;313
286;314
287;314
288;314
289;314
290;314
291;314
15
631;301
632;301
633;301
634;301
635;301
630;302
631;302
632;302
633;302
634;302
635;302
631;303
632;303
633;303
634;303
21
800;298
800;299
801;299
802;299
800;300
801;300
802;300
803;300
799;301
800;301
801;301
802;301
803;301
800;302
801;302
802;302
803;302
804;302
801;303
802;303
803;303
2
647;297
648;297
1
716;293
17
346;293
347;293
348;293
345;294
346;294
347;294
348;294
349;294
345;295
346;295
347;295
348;295
349;295
350;295
346;296
347;296
348;296
35
747;290
748;290
749;290
745;291
746;291
747;291
748;291
749;291
750;291
743;292
744;292
745;292
746;292
747;292
748;292
749;292
750;292
744;293
745;293
746;293
747;293
748;293
749;293
750;293
751;293
745;294
746;294
747;294
748;294
749;294
750;294
746;295
747;295
748;295
749;295
38
520;281
521;281
522;281
523;281
519;282
520;282
521;282
522;282
523;282
524;282
525;282
526;282
527;282
528;282
520;283
521;283
522;283
523;283
524;283
525;283
526;283
527;283
528;283
521;284
522;284
523;284
524;284
525;284
526;284
527;284
528;284
529;284
525;285
526;285
527;285
528;285
526;286
527;286
7
469;276
470;276
471;276
469;277
470;277
471;277
472;277
8
531;275
532;275
533;275
531;276
532;276
533;276
534;276
535;276
53
841;273
842;273
843;273
842;274
843;274
844;274
845;274
846;274
842;275
843;275
844;275
845;275
846;275
847;275
843;276
844;276
845;276
846;276
847;276
848;276
849;276
850;276
844;277
845;277
846;277
847;277
848;277
849;277
850;277
844;278
845;278
846;278
847;278
848;278
849;278
845;279
846;279
847;279
848;279
849;279
845;280
846;280
847;280
848;280
849;280
846;281
847;281
848;281
849;281
847;282
848;282
849;282
848;283
1
722;270
4
784;269
785;269
786;269
784;270
1
721;269
121
673;267
674;267
675;267
676;267
677;267
671;268
672;268
673;268
674;268
675;268
676;268
677;268
670;269
671;269
672;269
673;269
674;269
675;269
676;269
677;269
678;269
669;270
670;270
671;270
672;270
673;270
674;270
675;270
676;270
677;270
678;270
667;271
668;271
669;271
670;271
671;271
672;271
673;271
674;271
675;271
676;271
677;271
678;271
665;272
666;272
667;272
668;272
669;272
670;272
671;272
672;272
673;272
674;272
675;272
676;272
677;272
665;273
666;273
667;273
668;273
669;273
670;273
671;273
672;273
673;273
674;273
675;273
676;273
677;273
666;274
667;274
668;274
669;274
670;274
671;274
672;274
673;274
674;274
675;274
676;274
677;274
666;275
667;275
668;275
669;275
670;275
671;275
672;275
673;275
674;275
675;275
676;275
677;275
667;276
668;276
669;276
670;276
671;276
672;276
673;276
674;276
675;276
676;276
677;276
669;277
670;277
671;277
672;277
673;277
674;277
675;277
676;277
677;277
670;278
671;278
672;278
673;278
674;278
675;278
676;278
677;278
11
454;267
455;267
453;268
454;268
455;268
453;269
454;269
455;269
453;270
454;270
455;270
33
646;266
647;266
648;266
644;267
645;267
646;267
647;267
648;267
649;267
643;268
644;268
645;268
646;268
647;268
648;268
649;268
650;268
643;269
644;269
645;269
646;269
647;269
648;269
649;269
650;269
651;269
646;270
647;270
648;270
649;270
650;270
648;271
649;271
28
851;253
850;254
851;254
852;254
849;255
850;255
851;255
852;255
849;256
850;256
851;256
852;256
853;256
848;257
849;257
850;257
851;257
852;257
853;257
848;258
849;258
850;258
851;258
849;259
850;259
849;260
850;260
850;261
2
615;253
615;254
1
322;252
32
651;251
652;251
653;251
646;252
647;252
648;252
649;252
650;252
651;252
652;252
653;252
646;253
647;253
648;253
649;253
650;253
651;253
652;253
653;253
646;254
647;254
648;254
649;254
650;254
651;254
652;254
653;254
646;255
647;255
648;255
649;255
650;255
1
321;251
83
741;250
742;250
743;250
744;250
741;251
742;251
743;251
744;251
745;251
740;252
741;252
742;252
743;252
744;252
745;252
746;252
739;253
740;253
741;253
742;253
743;253
744;253
745;253
746;253
747;253
740;254
741;254
742;254
743;254
744;254
745;254
746;254
747;254
748;254
749;254
740;255
741;255
742;255
743;255
744;255
745;255
746;255
747;255
748;255
749;255
741;256
742;256
743;256
744;256
745;256
746;256
747;256
748;256
749;256
750;256
741;257
742;257
743;257
744;257
745;257
746;257
747;257
748;257
749;257
750;257
743;258
744;258
745;258
746;258
747;258
748;258
749;258
750;258
751;258
744;259
745;259
746;259
747;259
748;259
749;259
750;259
751;259
752;259
25
526;249
527;249
528;249
526;250
527;250
528;250
526;251
527;251
528;251
529;251
530;251
525;252
526;252
527;252
528;252
529;252
530;252
529;253
530;253
531;253
532;253
530;254
531;254
532;254
530;255
17
964;247
965;247
965;248
966;248
967;248
965;249
966;249
967;249
968;249
967;250
968;250
969;250
970;250
968;251
969;251
970;251
970;252
72
451;242
450;243
451;243
452;243
449;244
450;244
451;244
452;244
447;245
448;245
449;245
450;245
451;245
452;245
445;246
446;246
447;246
448;246
449;246
450;246
451;246
452;246
453;246
444;247
445;247
446;247
447;247
448;247
449;247
450;247
451;247
452;247
453;247
443;248
444;248
445;248
446;248
447;248
448;248
449;248
450;248
451;248
452;248
453;248
443;249
444;249
445;249
446;249
447;249
448;249
449;249
450;249
451;249
452;249
453;249
443;250
444;250
445;250
446;250
447;250
448;250
449;250
450;250
451;250
452;250
453;250
447;251
448;251
449;251
450;251
451;251
449;252
29
774;239
775;239
776;239
777;239
774;240
775;240
776;240
777;240
778;240
774;241
775;241
776;241
777;241
778;241
779;241
771;242
772;242
773;242
774;242
775;242
776;242
777;242
778;242
779;242
780;242
773;243
774;243
775;243
774;244
1
96;235
14
460;230
461;230
460;231
461;231
462;231
463;231
461;232
462;232
463;232
462;233
463;233
462;234
463;234
463;235
19
177;212
178;212
179;212
180;212
177;213
178;213
179;213
180;213
177;214
178;214
179;214
180;214
181;214
177;215
178;215
179;215
180;215
178;216
179;216
52
550;210
551;210
552;210
553;210
554;210
555;210
556;210
549;211
550;211
551;211
552;211
553;211
554;211
555;211
556;211
557;211
549;212
550;212
551;212
552;212
553;212
554;212
555;212
556;212
557;212
558;212
550;213
551;213
552;213
553;213
554;213
555;213
556;213
557;213
558;213
551;214
552;214
553;214
554;214
555;214
556;214
557;214
558;214
552;215
553;215
554;215
555;215
556;215
557;215
554;216
555;216
556;216
40
705;209
706;209
707;209
703;210
704;210
705;210
706;210
707;210
708;210
709;210
702;211
703;211
704;211
705;211
706;211
707;211
708;211
709;211
710;211
711;211
701;212
702;212
703;212
704;212
705;212
706;212
707;212
708;212
709;212
701;213
702;213
703;213
704;213
705;213
706;213
707;213
702;214
703;214
704;214
705;214
1
338;207
100
516;205
517;205
518;205
519;205
520;205
514;206
515;206
516;206
517;206
518;206
519;206
520;206
521;206
513;207
514;207
515;207
516;207
517;207
518;207
519;207
520;207
512;208
513;208
514;208
515;208
516;208
517;208
518;208
519;208
509;209
510;209
511;209
512;209
513;209
514;209
515;209
516;209
517;209
518;209
519;209
507;210
508;210
509;210
510;210
511;210
512;210
513;210
514;210
515;210
516;210
517;210
518;210
505;211
506;211
507;211
508;211
509;211
510;211
511;211
512;211
513;211
514;211
515;211
516;211
517;211
518;211
506;212
507;212
508;212
509;212
510;212
511;212
512;212
513;212
514;212
515;212
516;212
517;212
507;213
508;213
509;213
510;213
511;213
512;213
513;213
514;213
515;213
516;213
508;214
509;214
510;214
511;214
512;214
513;214
514;214
515;214
510;215
511;215
512;215
513;215
32
264;205
265;205
266;205
267;205
268;205
265;206
266;206
267;206
268;206
269;206
270;206
271;206
272;206
273;206
274;206
275;206
266;207
267;207
268;207
269;207
270;207
271;207
272;207
273;207
274;207
275;207
276;207
277;207
275;208
276;208
277;208
276;209
1
259;201
1
258;200
28
401;198
402;198
400;199
401;199
402;199
400;200
401;200
402;200
403;200
400;201
401;201
402;201
403;201
400;202
401;202
402;202
403;202
404;202
400;203
401;203
402;203
403;203
400;204
401;204
402;204
403;204
401;205
402;205
3
257;197
257;198
257;199
73
337;194
338;194
338;195
339;195
340;195
341;195
339;196
340;196
341;196
342;196
339;197
340;197
341;197
342;197
343;197
344;197
345;197
346;197
347;197
348;197
340;198
341;198
342;198
343;198
344;198
345;198
346;198
347;198
348;198
349;198
350;198
351;198
340;199
341;199
342;199
343;199
344;199
345;199
346;199
347;199
348;199
349;199
350;199
340;200
341;200
342;200
343;200
344;200
345;200
346;200
347;200
348;200
340;201
341;201
342;201
343;201
344;201
345;201
346;201
347;201
340;202
341;202
342;202
343;202
344;202
345;202
346;202
340;203
341;203
342;203
343;203
344;203
345;203
105
547;192
546;193
547;193
548;193
549;193
550;193
551;193
545;194
546;194
547;194
548;194
549;194
550;194
551;194
552;194
553;194
544;195
545;195
546;195
547;195
548;195
549;195
550;195
551;195
552;195
553;195
543;196
544;196
545;196
546;196
547;196
548;196
549;196
550;196
551;196
552;196
553;196
554;196
542;197
543;197
544;197
545;197
546;197
547;197
548;197
549;197
550;197
551;197
552;197
553;197
554;197
541;198
542;198
543;198
544;198
545;198
546;198
547;198
548;198
549;198
550;198
551;198
552;198
553;198
554;198
540;199
541;199
542;199
543;199
544;199
545;199
546;199
547;199
548;199
549;199
550;199
551;199
552;199
539;200
540;200
541;200
542;200
543;200
544;200
545;200
546;200
547;200
548;200
549;200
550;200
539;201
540;201
541;201
542;201
543;201
544;201
545;201
546;201
547;201
539;202
540;202
541;202
542;202
543;202
544;202
36
804;188
805;188
802;189
803;189
804;189
805;189
801;190
802;190
803;190
804;190
801;191
802;191
803;191
804;191
800;192
801;192
802;192
803;192
804;192
800;193
801;193
802;193
803;193
804;193
799;194
800;194
801;194
802;194
803;194
804;194
799;195
800;195
801;195
802;195
803;195
804;195
10
889;183
890;183
891;183
888;184
889;184
890;184
886;185
887;185
888;185
886;186
14
913;180
914;180
915;180
916;180
917;180
918;180
919;180
912;181
913;181
914;181
915;181
916;181
913;182
914;182
7
771;180
770;181
771;181
772;181
773;181
774;181
775;181
5
5;180
6;180
5;181
6;181
7;181
4
745;176
746;176
747;176
748;176
8
398;176
399;176
398;177
399;177
398;178
399;178
397;179
398;179
19
873;175
874;175
875;175
873;176
874;176
875;176
876;176
872;177
873;177
874;177
875;177
876;177
871;178
872;178
873;178
874;178
875;178
872;179
873;179
10
484;174
485;174
483;175
484;175
483;176
484;176
483;177
484;177
483;178
483;179
4
488;173
489;173
490;173
491;173
47
931;171
927;172
928;172
929;172
930;172
931;172
932;172
926;173
927;173
928;173
929;173
930;173
931;173
932;173
925;174
926;174
927;174
928;174
929;174
930;174
931;174
932;174
933;174
924;175
925;175
926;175
927;175
928;175
929;175
923;176
924;176
925;176
926;176
927;176
922;177
923;177
924;177
925;177
926;177
927;177
921;178
922;178
923;178
924;178
925;178
920;179
921;179
108
378;170
379;170
380;170
381;170
378;171
379;171
380;171
381;171
382;171
378;172
379;172
380;172
381;172
382;172
377;173
378;173
379;173
380;173
381;173
382;173
377;174
378;174
379;174
380;174
381;174
377;175
378;175
379;175
380;175
377;176
378;176
379;176
374;177
375;177
376;177
377;177
378;177
379;177
372;178
373;178
374;178
375;178
376;178
377;178
378;178
379;178
370;179
371;179
372;179
373;179
374;179
375;179
376;179
377;179
378;179
379;179
369;180
370;180
371;180
372;180
373;180
374;180
375;180
376;180
377;180
378;180
379;180
369;181
370;181
371;181
372;181
373;181
374;181
375;181
376;181
377;181
378;181
379;181
370;182
371;182
372;182
373;182
374;182
375;182
376;182
377;182
378;182
379;182
372;183
373;183
374;183
375;183
376;183
377;183
378;183
379;183
374;184
375;184
376;184
377;184
378;184
379;184
380;184
377;185
378;185
379;185
380;185
381;185
2
736;169
736;170
1
325;167
7
311;164
312;164
313;164
312;165
313;165
312;166
313;166
70
523;161
524;161
525;161
526;161
521;162
522;162
523;162
524;162
525;162
526;162
527;162
528;162
521;163
522;163
523;163
524;163
525;163
526;163
527;163
528;163
529;163
530;163
520;164
521;164
522;164
523;164
524;164
525;164
526;164
527;164
528;164
529;164
530;164
520;165
521;165
522;165
523;165
524;165
525;165
526;165
527;165
528;165
529;165
530;165
520;166
521;166
522;166
523;166
524;166
525;166
526;166
527;166
528;166
529;166
522;167
523;167
524;167
525;167
526;167
527;167
528;167
522;168
523;168
524;168
525;168
526;168
527;168
524;169
525;169
526;169
4
404;161
405;161
403;162
404;162
2
491;159
492;159
2
195;157
196;157
33
795;152
796;152
797;152
794;153
795;153
796;153
797;153
798;153
795;154
796;154
797;154
798;154
799;154
795;155
796;155
797;155
798;155
799;155
800;155
796;156
797;156
798;156
799;156
800;156
801;156
797;157
798;157
799;157
800;157
801;157
801;158
802;158
802;159
7
183;150
184;150
185;150
186;150
181;151
182;151
183;151
14
779;149
780;149
781;149
778;150
779;150
780;150
781;150
782;150
779;151
780;151
781;151
782;151
781;152
782;152
10
407;143
405;144
406;144
407;144
402;145
403;145
404;145
405;145
406;145
405;146
90
273;137
273;138
274;138
273;139
274;139
275;139
273;140
274;140
275;140
276;140
277;140
273;141
274;141
275;141
276;141
277;141
278;141
279;141
280;141
273;142
274;142
275;142
276;142
277;142
278;142
279;142
280;142
281;142
273;143
274;143
275;143
276;143
277;143
278;143
279;143
280;143
281;143
282;143
273;144
274;144
275;144
276;144
277;144
278;144
279;144
280;144
281;144
282;144
283;144
273;145
274;145
275;145
276;145
277;145
278;145
279;145
280;145
281;145
282;145
283;145
284;145
277;146
278;146
279;146
280;146
281;146
282;146
283;146
284;146
285;146
278;147
279;147
280;147
281;147
282;147
283;147
284;147
285;147
279;148
280;148
281;148
282;148
283;148
284;148
285;148
280;149
281;149
282;149
283;149
284;149
65
490;136
491;136
492;136
493;136
488;137
489;137
490;137
491;137
492;137
493;137
494;137
487;138
488;138
489;138
490;138
491;138
492;138
493;138
494;138
486;139
487;139
488;139
489;139
490;139
491;139
492;139
493;139
486;140
487;140
488;140
489;140
490;140
491;140
492;140
493;140
486;141
487;141
488;141
489;141
490;141
491;141
492;141
493;141
486;142
487;142
488;142
489;142
490;142
491;142
492;142
493;142
486;143
487;143
488;143
489;143
490;143
491;143
492;143
486;144
487;144
488;144
489;144
490;144
491;144
489;145
1
865;135
1
866;134
10
623;130
624;130
622;131
623;131
624;131
625;131
622;132
623;132
624;132
625;132
2
513;124
514;124
13
481;122
482;122
483;122
484;122
481;123
482;123
483;123
484;123
481;124
482;124
483;124
484;124
482;125
29
376;119
377;119
376;120
377;120
377;121
378;121
377;122
378;122
379;122
380;122
381;122
382;122
383;122
379;123
380;123
381;123
382;123
383;123
384;123
380;124
381;124
382;124
383;124
384;124
385;124
382;125
383;125
384;125
383;126
37
501;116
502;116
503;116
504;116
494;117
495;117
496;117
497;117
498;117
499;117
500;117
501;117
502;117
503;117
493;118
494;118
495;118
496;118
497;118
498;118
499;118
500;118
501;118
492;119
493;119
494;119
495;119
496;119
497;119
498;119
499;119
491;120
492;120
493;120
494;120
495;120
496;120
1
245;113
2
598;111
599;111
3
244;111
243;112
244;112
13
732;109
733;109
734;109
733;110
734;110
735;110
734;111
735;111
736;111
737;111
736;112
737;112
738;112
33
124;109
125;109
125;110
126;110
127;110
128;110
126;111
127;111
128;111
129;111
126;112
127;112
128;112
129;112
126;113
127;113
128;113
129;113
130;113
126;114
127;114
128;114
129;114
130;114
131;114
129;115
130;115
131;115
132;115
130;116
131;116
132;116
131;117
1
632;104
1
165;104
33
577;103
578;103
576;104
577;104
578;104
579;104
574;105
575;105
576;105
577;105
578;105
579;105
573;106
574;106
575;106
576;106
577;106
578;106
572;107
573;107
574;107
575;107
576;107
572;108
573;108
574;108
575;108
572;109
573;109
574;109
572;110
573;110
573;111
4
445;99
446;99
445;100
446;100
10
231;99
232;99
233;99
234;99
231;100
232;100
233;100
234;100
232;101
233;101
62
612;95
611;96
612;96
613;96
609;97
610;97
611;97
612;97
613;97
614;97
608;98
609;98
610;98
611;98
612;98
613;98
614;98
615;98
608;99
609;99
610;99
611;99
612;99
613;99
614;99
615;99
616;99
607;100
608;100
609;100
610;100
611;100
612;100
613;100
614;100
615;100
616;100
607;101
608;101
609;101
610;101
611;101
612;101
613;101
614;101
615;101
616;101
617;101
608;102
609;102
610;102
611;102
612;102
613;102
614;102
615;102
610;103
611;103
612;103
613;103
614;103
613;104
55
397;90
398;90
399;90
393;91
394;91
395;91
396;91
397;91
398;91
399;91
393;92
394;92
395;92
396;92
397;92
398;92
399;92
391;93
392;93
393;93
394;93
395;93
396;93
397;93
398;93
399;93
389;94
390;94
391;94
392;94
393;94
394;94
395;94
396;94
397;94
398;94
399;94
386;95
387;95
388;95
389;95
390;95
391;95
392;95
393;95
394;95
395;95
396;95
397;95
398;95
399;95
387;96
388;96
389;96
390;96
1
668;87
1
328;86
2
326;84
327;84
14
663;82
664;82
665;82
666;82
667;82
664;83
665;83
666;83
667;83
666;84
667;84
666;85
667;85
667;86
6
340;79
341;79
342;79
341;80
342;80
343;80
17
201;78
201;79
202;79
203;79
202;80
203;80
204;80
205;80
203;81
204;81
205;81
206;81
205;82
206;82
206;83
207;83
207;84
1
741;75
2
739;74
740;74
3
171;71
171;72
172;72
21
164;65
164;66
165;66
166;66
167;66
168;66
166;67
167;67
168;67
169;67
170;67
166;68
167;68
168;68
169;68
170;68
168;69
169;69
170;69
169;70
170;70
2
862;61
863;61
29
534;60
535;60
536;60
537;60
533;61
534;61
535;61
536;61
537;61
538;61
533;62
534;62
535;62
536;62
537;62
534;63
535;63
536;63
537;63
535;64
536;64
537;64
535;65
536;65
537;65
535;66
536;66
537;66
536;67
20
512;55
512;56
513;56
512;57
513;57
511;58
512;58
513;58
511;59
512;59
511;60
507;61
508;61
509;61
510;61
511;61
509;62
510;62
511;62
510;63
6
109;53
110;53
111;53
109;54
110;54
111;54
18
76;50
77;50
78;50
79;50
75;51
76;51
77;51
78;51
79;51
80;51
75;52
76;52
77;52
78;52
79;52
76;53
77;53
78;53
1
252;48
1
990;44
22
557;44
558;44
559;44
560;44
557;45
558;45
559;45
560;45
561;45
557;46
558;46
559;46
560;46
561;46
562;46
559;47
560;47
561;47
562;47
563;47
562;48
563;48
1
989;43
57
408;38
409;38
410;38
411;38
407;39
408;39
409;39
410;39
411;39
412;39
407;40
408;40
409;40
410;40
411;40
412;40
413;40
414;40
408;41
409;41
410;41
411;41
412;41
413;41
414;41
415;41
408;42
409;42
410;42
411;42
412;42
413;42
414;42
415;42
416;42
408;43
409;43
410;43
411;43
412;43
413;43
414;43
415;43
416;43
409;44
410;44
411;44
412;44
413;44
414;44
415;44
411;45
412;45
413;45
414;45
414;46
414;47
33
329;36
330;36
331;36
332;36
333;36
329;37
330;37
331;37
332;37
333;37
334;37
330;38
331;38
332;38
333;38
334;38
330;39
331;39
332;39
333;39
334;39
331;40
332;40
333;40
331;41
332;41
333;41
332;42
333;42
332;43
333;43
333;44
333;45
17
240;36
239;37
240;37
241;37
239;38
240;38
241;38
242;38
239;39
240;39
241;39
239;40
240;40
241;40
238;41
239;41
238;42
11
835;31
836;31
833;32
834;32
835;32
836;32
832;33
833;33
834;33
835;33
836;33
43
894;30
890;31
891;31
892;31
893;31
894;31
895;31
896;31
897;31
898;31
890;32
891;32
892;32
893;32
894;32
895;32
896;32
897;32
898;32
890;33
891;33
892;33
893;33
894;33
895;33
896;33
897;33
898;33
899;33
891;34
892;34
893;34
894;34
895;34
896;34
897;34
898;34
899;34
900;34
893;35
894;35
895;35
896;35
19
397;29
396;30
397;30
393;31
394;31
395;31
396;31
397;31
393;32
394;32
395;32
393;33
394;33
395;33
393;34
394;34
393;35
394;35
393;36
1
398;28
51
1007;25
1006;26
1007;26
1005;27
1006;27
1007;27
1008;27
1005;28
1006;28
1007;28
1008;28
1009;28
1010;28
1004;29
1005;29
1006;29
1007;29
1008;29
1009;29
1010;29
1003;30
1004;30
1005;30
1006;30
1007;30
1008;30
1009;30
1010;30
1003;31
1004;31
1005;31
1006;31
1007;31
1008;31
1009;31
1010;31
1004;32
1005;32
1006;32
1007;32
1008;32
1009;32
1010;32
1004;33
1005;33
1006;33
1007;33
1008;33
1005;34
1006;34
1007;34
62
418;23
419;23
420;23
421;23
417;24
418;24
419;24
420;24
421;24
422;24
416;25
417;25
418;25
419;25
420;25
421;25
422;25
423;25
416;26
417;26
418;26
419;26
420;26
421;26
422;26
423;26
417;27
418;27
419;27
420;27
421;27
422;27
423;27
424;27
417;28
418;28
419;28
420;28
421;28
422;28
423;28
424;28
418;29
419;29
420;29
421;29
422;29
423;29
424;29
419;30
420;30
421;30
422;30
423;30
424;30
425;30
421;31
422;31
423;31
424;31
422;32
423;32
1
839;12
2
838;10
838;11
51
957;0
958;0
959;0
960;0
957;1
958;1
959;1
960;1
957;2
958;2
959;2
960;2
957;3
958;3
959;3
960;3
957;4
958;4
959;4
960;4
961;4
956;5
957;5
958;5
959;5
960;5
961;5
956;6
957;6
958;6
959;6
960;6
961;6
955;7
956;7
957;7
958;7
959;7
960;7
956;8
957;8
958;8
959;8
960;8
956;9
957;9
958;9
959;9
960;9
957;10
958;10
6
806;0
807;0
806;1
807;1
806;2
807;2
27
521;0
522;0
523;0
524;0
525;0
526;0
527;0
528;0
529;0
522;1
523;1
524;1
525;1
526;1
527;1
528;1
529;1
523;2
524;2
525;2
526;2
527;2
528;2
525;3
526;3
527;3
528;3
3
147;0
148;0
147;1
3576
0;0
1;0
2;0
3;0
4;0
5;0
6;0
7;0
8;0
9;0
10;0
11;0
12;0
13;0
14;0
15;0
16;0
17;0
18;0
19;0
20;0
21;0
22;0
23;0
24;0
25;0
26;0
27;0
28;0
29;0
30;0
31;0
32;0
33;0
34;0
35;0
36;0
37;0
38;0
39;0
40;0
41;0
42;0
43;0
44;0
45;0
46;0
47;0
48;0
49;0
50;0
51;0
52;0
53;0
54;0
55;0
56;0
57;0
58;0
59;0
60;0
61;0
62;0
63;0
64;0
65;0
66;0
67;0
68;0
69;0
70;0
71;0
72;0
73;0
74;0
75;0
76;0
77;0
78;0
79;0
80;0
81;0
82;0
83;0
84;0
85;0
86;0
87;0
88;0
89;0
90;0
91;0
92;0
93;0
94;0
95;0
96;0
97;0
98;0
99;0
100;0
101;0
102;0
103;0
104;0
105;0
106;0
107;0
108;0
109;0
110;0
111;0
112;0
113;0
114;0
115;0
116;0
117;0
118;0
119;0
120;0
121;0
122;0
123;0
124;0
125;0
126;0
127;0
128;0
129;0
130;0
131;0
132;0
133;0
134;0
135;0
136;0
137;0
138;0
139;0
140;0
141;0
142;0
143;0
144;0
145;0
146;0
147;0
148;0
149;0
150;0
151;0
152;0
153;0
154;0
155;0
156;0
157;0
158;0
159;0
160;0
161;0
162;0
163;0
164;0
165;0
166;0
167;0
168;0
169;0
170;0
171;0
172;0
173;0
174;0
175;0
176;0
177;0
178;0
179;0
180;0
181;0
182;0
183;0
184;0
185;0
186;0
187;0
188;0
189;0
190;0
191;0
192;0
193;0
194;0
195;0
196;0
197;0
198;0
199;0
200;0
201;0
202;0
203;0
204;0
205;0
206;0
207;0
208;0
209;0
210;0
211;0
212;0
213;0
214;0
215;0
216;0
217;0
218;0
219;0
220;0
221;0
222;0
223;0
224;0
225;0
226;0
227;0
228;0
229;0
230;0
231;0
232;0
233;0
234;0
235;0
236;0
237;0
238;0
239;0
240;0
241;0
242;0
243;0
244;0
245;0
246;0
247;0
248;0
249;0
250;0
251;0
252;0
253;0
254;0
255;0
256;0
257;0
258;0
259;0
260;0
261;0
262;0
263;0
264;0
265;0
266;0
267;0
268;0
269;0
270;0
271;0
272;0
273;0
274;0
275;0
276;0
277;0
278;0
279;0
280;0
281;0
282;0
283;0
284;0
285;0
286;0
287;0
288;0
289;0
290;0
291;0
292;0
293;0
294;0
295;0
296;0
297;0
298;0
299;0
300;0
301;0
302;0
303;0
304;0
305;0
306;0
307;0
308;0
309;0
310;0
311;0
312;0
313;0
314;0
315;0
316;0
317;0
318;0
319;0
320;0
321;0
322;0
323;0
324;0
325;0
326;0
327;0
328;0
329;0
330;0
331;0
332;0
333;0
334;0
335;0
336;0
337;0
338;0
339;0
340;0
341;0
342;0
343;0
344;0
345;0
346;0
347;0
348;0
349;0
350;0
351;0
352;0
353;0
354;0
355;0
356;0
357;0
358;0
359;0
360;0
361;0
362;0
363;0
364;0
365;0
366;0
367;0
368;0
369;0
370;0
371;0
372;0
373;0
374;0
375;0
376;0
377;0
378;0
379;0
380;0
381;0
382;0
383;0
384;0
385;0
386;0
387;0
388;0
389;0
390;0
391;0
392;0
393;0
394;0
395;0
396;0
397;0
398;0
399;0
400;0
401;0
402;0
403;0
404;0
405;0
406;0
407;0
408;0
409;0
410;0
411;0
412;0
413;0
414;0
415;0
416;0
417;0
418;0
419;0
420;0
421;0
422;0
423;0
424;0
425;0
426;0
427;0
428;0
429;0
430;0
431;0
432;0
433;0
434;0
435;0
436;0
437;0
438;0
439;0
440;0
441;0
442;0
443;0
444;0
445;0
446;0
447;0
448;0
449;0
450;0
451;0
452;0
453;0
454;0
455;0
456;0
457;0
458;0
459;0
460;0
461;0
462;0
463;0
464;0
465;0
466;0
467;0
468;0
469;0
470;0
471;0
472;0
473;0
474;0
475;0
476;0
477;0
478;0
479;0
480;0
481;0
482;0
483;0
484;0
485;0
486;0
487;0
488;0
489;0
490;0
491;0
492;0
493;0
494;0
495;0
496;0
497;0
498;0
499;0
500;0
501;0
502;0
503;0
504;0
505;0
506;0
507;0
508;0
509;0
510;0
511;0
512;0
513;0
514;0
515;0
516;0
517;0
518;0
519;0
520;0
521;0
522;0
523;0
524;0
525;0
526;0
527;0
528;0
529;0
530;0
531;0
532;0
533;0
534;0
535;0
536;0
537;0
538;0
539;0
540;0
541;0
542;0
543;0
544;0
545;0
546;0
547;0
548;0
549;0
550;0
551;0
552;0
553;0
554;0
555;0
556;0
557;0
558;0
559;0
560;0
561;0
562;0
563;0
564;0
565;0
566;0
567;0
568;0
569;0
570;0
571;0
572;0
573;0
574;0
575;0
576;0
577;0
578;0
579;0
580;0
581;0
582;0
583;0
584;0
585;0
586;0
587;0
588;0
589;0
590;0
591;0
592;0
593;0
594;0
595;0
596;0
597;0
598;0
599;0
600;0
601;0
602;0
603;0
604;0
605;0
606;0
607;0
608;0
609;0
610;0
611;0
612;0
613;0
614;0
615;0
616;0
617;0
618;0
619;0
620;0
621;0
622;0
623;0
624;0
625;0
626;0
627;0
628;0
629;0
630;0
631;0
632;0
633;0
634;0
635;0
636;0
637;0
638;0
639;0
640;0
641;0
642;0
643;0
644;0
645;0
646;0
647;0
648;0
649;0
650;0
651;0
652;0
653;0
654;0
655;0
656;0
657;0
658;0
659;0
660;0
661;0
662;0
663;0
664;0
665;0
666;0
667;0
668;0
669;0
670;0
671;0
672;0
673;0
674;0
675;0
676;0
677;0
678;0
679;0
680;0
681;0
682;0
683;0
684;0
685;0
686;0
687;0
688;0
689;0
690;0
691;0
692;0
693;0
694;0
695;0
696;0
697;0
698;0
699;0
700;0
701;0
702;0
703;0
704;0
705;0
706;0
707;0
708;0
709;0
710;0
711;0
712;0
713;0
714;0
715;0
716;0
717;0
718;0
719;0
720;0
721;0
722;0
723;0
724;0
725;0
726;0
727;0
728;0
729;0
730;0
731;0
732;0
733;0
734;0
735;0
736;0
737;0
738;0
739;0
740;0
741;0
742;0
743;0
744;0
745;0
746;0
747;0
748;0
749;0
750;0
751;0
752;0
753;0
754;0
755;0
756;0
757;0
758;0
759;0
760;0
761;0
762;0
763;0
764;0
765;0
766;0
767;0
768;0
769;0
770;0
771;0
772;0
773;0
774;0
775;0
776;0
777;0
778;0
779;0
780;0
781;0
782;0
783;0
784;0
785;0
786;0
787;0
788;0
789;0
790;0
791;0
792;0
793;0
794;0
795;0
796;0
797;0
798;0
799;0
800;0
801;0
802;0
803;0
804;0
805;0
806;0
807;0
808;0
809;0
810;0
811;0
812;0
813;0
814;0
815;0
816;0
817;0
818;0
819;0
820;0
821;0
822;0
823;0
824;0
825;0
826;0
827;0
828;0
829;0
830;0
831;0
832;0
833;0
834;0
835;0
836;0
837;0
838;0
839;0
840;0
841;0
842;0
843;0
844;0
845;0
846;0
847;0
848;0
849;0
850;0
851;0
852;0
853;0
854;0
855;0
856;0
857;0
858;0
859;0
860;0
861;0
862;0
863;0
864;0
865;0
866;0
867;0
868;0
869;0
870;0
871;0
872;0
873;0
874;0
875;0
876;0
877;0
878;0
879;0
880;0
881;0
882;0
883;0
884;0
885;0
886;0
887;0
888;0
889;0
890;0
891;0
892;0
893;0
894;0
895;0
896;0
897;0
898;0
899;0
900;0
901;0
902;0
903;0
904;0
905;0
906;0
907;0
908;0
909;0
910;0
911;0
912;0
913;0
914;0
915;0
916;0
917;0
918;0
919;0
920;0
921;0
922;0
923;0
924;0
925;0
926;0
927;0
928;0
929;0
930;0
931;0
932;0
933;0
934;0
935;0
936;0
937;0
938;0
939;0
940;0
941;0
942;0
943;0
944;0
945;0
946;0
947;0
948;0
949;0
950;0
951;0
952;0
953;0
954;0
955;0
956;0
957;0
958;0
959;0
960;0
961;0
962;0
963;0
964;0
965;0
966;0
967;0
968;0
969;0
970;0
971;0
972;0
973;0
974;0
975;0
976;0
977;0
978;0
979;0
980;0
981;0
982;0
983;0
984;0
985;0
986;0
987;0
988;0
989;0
990;0
991;0
992;0
993;0
994;0
995;0
996;0
997;0
998;0
999;0
1000;0
1001;0
1002;0
1003;0
1004;0
1005;0
1006;0
1007;0
1008;0
1009;0
1010;0
1011;0
1012;0
1013;0
1014;0
1015;0
1016;0
1017;0
1018;0
1019;0
1020;0
1021;0
1022;0
1023;0
0;1
1023;1
0;2
1023;2
0;3
1023;3
0;4
1023;4
0;5
1023;5
0;6
1023;6
0;7
1023;7
0;8
1023;8
0;9
1023;9
0;10
1023;10
0;11
1023;11
0;12
1023;12
0;13
1023;13
0;14
1023;14
0;15
1023;15
0;16
1023;16
0;17
1023;17
0;18
1023;18
0;19
1023;19
0;20
1023;20
0;21
1023;21
0;22
1023;22
0;23
1023;23
0;24
1023;24
0;25
1023;25
0;26
1023;26
0;27
1023;27
0;28
1023;28
0;29
1023;29
0;30
1023;30
0;31
1023;31
0;32
1023;32
0;33
1023;33
0;34
1023;34
0;35
1023;35
0;36
1023;36
0;37
1023;37
0;38
1023;38
0;39
1023;39
0;40
1023;40
0;41
1023;41
0;42
1023;42
0;43
1023;43
0;44
1023;44
0;45
1023;45
0;46
1023;46
0;47
1023;47
0;48
1023;48
0;49
1023;49
0;50
1023;50
0;51
1023;51
0;52
1023;52
0;53
1023;53
0;54
1023;54
0;55
1023;55
0;56
1023;56
0;57
1023;57
0;58
1023;58
0;59
1023;59
0;60
1023;60
0;61
1023;61
0;62
1023;62
0;63
1023;63
0;64
1023;64
0;65
1023;65
0;66
1023;66
0;67
1023;67
0;68
1023;68
0;69
1023;69
0;70
1023;70
0;71
1023;71
0;72
1023;72
0;73
1023;73
0;74
1023;74
0;75
1023;75
0;76
1023;76
0;77
1023;77
0;78
1023;78
0;79
1023;79
0;80
1023;80
0;81
1023;81
0;82
1023;82
0;83
1023;83
0;84
1023;84
0;85
1023;85
0;86
1023;86
0;87
1023;87
0;88
1023;88
0;89
1023;89
0;90
1023;90
0;91
1023;91
0;92
1023;92
0;93
1023;93
0;94
1023;94
0;95
1023;95
0;96
1023;96
0;97
1023;97
0;98
1023;98
0;99
1023;99
0;100
1023;100
0;101
1023;101
0;102
1023;102
0;103
1023;103
0;104
1023;104
0;105
1023;105
0;106
1023;106
0;107
1023;107
0;108
1023;108
0;109
1023;109
0;110
1023;110
0;111
1023;111
0;112
1023;112
0;113
1023;113
0;114
1023;114
0;115
1023;115
0;116
1023;116
0;117
1023;117
0;118
1023;118
0;119
1023;119
0;120
1023;120
0;121
1023;121
0;122
1023;122
0;123
1023;123
0;124
1023;124
0;125
1023;125
0;126
1023;126
0;127
1023;127
0;128
1023;128
0;129
1023;129
0;130
1023;130
0;131
1023;131
0;132
1023;132
0;133
1023;133
0;134
1023;134
0;135
1023;135
0;136
1023;136
0;137
1023;137
0;138
1023;138
0;139
1023;139
0;140
1023;140
0;141
1023;141
0;142
1023;142
0;143
1023;143
0;144
1023;144
0;145
1023;145
0;146
1023;146
0;147
1023;147
0;148
1023;148
0;149
1023;149
0;150
1023;150
0;151
1023;151
0;152
1023;152
0;153
1023;153
0;154
1023;154
0;155
1023;155
0;156
1023;156
0;157
1023;157
0;158
1023;158
0;159
1023;159
0;160
1023;160
0;161
1023;161
0;162
1023;162
0;163
1023;163
0;164
1023;164
0;165
1023;165
0;166
1023;166
0;167
1023;167
0;168
1023;168
0;169
1023;169
0;170
1023;170
0;171
1023;171
0;172
1023;172
0;173
1023;173
0;174
1023;174
0;175
1023;175
0;176
1023;176
0;177
1023;177
0;178
1023;178
0;179
1023;179
0;180
1023;180
0;181
1023;181
0;182
1023;182
0;183
1023;183
0;184
1023;184
0;185
1023;185
0;186
1023;186
0;187
1023;187
0;188
1023;188
0;189
1023;189
0;190
1023;190
0;191
1023;191
0;192
1023;192
0;193
1023;193
0;194
1023;194
0;195
1023;195
0;196
1023;196
0;197
1023;197
0;198
1023;198
0;199
1023;199
0;200
1023;200
0;201
1023;201
0;202
1023;202
0;203
1023;203
0;204
1023;204
0;205
1023;205
0;206
1023;206
0;207
1023;207
0;208
1023;208
0;209
1023;209
0;210
1023;210
0;211
1023;211
0;212
1023;212
0;213
1023;213
0;214
1023;214
0;215
1023;215
0;216
1023;216
0;217
1023;217
0;218
1023;218
0;219
1023;219
0;220
1023;220
0;221
1023;221
0;222
1023;222
0;223
1023;223
0;224
1023;224
0;225
1023;225
0;226
1023;226
0;227
1023;227
0;228
1023;228
0;229
1023;229
0;230
1023;230
0;231
1023;231
0;232
1023;232
0;233
1023;233
0;234
1023;234
0;235
1023;235
0;236
1023;236
0;237
1023;237
0;238
1023;238
0;239
1023;239
0;240
1023;240
0;241
1023;241
0;242
1023;242
0;243
1023;243
0;244
1023;244
0;245
1023;245
0;246
1023;246
0;247
1023;247
0;248
1023;248
0;249
1023;249
0;250
1023;250
0;251
1023;251
0;252
1023;252
0;253
1023;253
0;254
1023;254
0;255
1023;255
0;256
1023;256
0;257
1023;257
0;258
1023;258
0;259
1023;259
0;260
1023;260
0;261
1023;261
0;262
1023;262
0;263
1023;263
0;264
1023;264
0;265
1023;265
0;266
1023;266
0;267
1023;267
0;268
1023;268
0;269
1023;269
0;270
1023;270
0;271
1023;271
0;272
1023;272
0;273
1023;273
0;274
1023;274
0;275
1023;275
0;276
1023;276
0;277
1023;277
0;278
1023;278
0;279
1023;279
0;280
1023;280
0;281
1023;281
0;282
1023;282
0;283
1023;283
0;284
1023;284
0;285
1023;285
0;286
1023;286
0;287
1023;287
0;288
1023;288
0;289
1023;289
0;290
1023;290
0;291
1023;291
0;292
1023;292
0;293
1023;293
0;294
1023;294
0;295
1023;295
0;296
1023;296
0;297
1023;297
0;298
1023;298
0;299
1023;299
0;300
1023;300
0;301
1023;301
0;302
1023;302
0;303
1023;303
0;304
1023;304
0;305
1023;305
0;306
1023;306
0;307
1023;307
0;308
1023;308
0;309
1023;309
0;310
1023;310
0;311
1023;311
0;312
1023;312
0;313
1023;313
0;314
1023;314
0;315
1023;315
0;316
1023;316
0;317
1023;317
0;318
1023;318
0;319
1023;319
0;320
1023;320
0;321
1023;321
0;322
1023;322
0;323
1023;323
0;324
1023;324
0;325
1023;325
0;326
1023;326
0;327
1023;327
0;328
1023;328
0;329
1023;329
0;330
1023;330
0;331
1023;331
0;332
1023;332
0;333
1023;333
0;334
1023;334
0;335
1023;335
0;336
1023;336
0;337
1023;337
0;338
1023;338
0;339
1023;339
0;340
1023;340
0;341
1023;341
0;342
1023;342
0;343
1023;343
0;344
1023;344
0;345
1023;345
0;346
1023;346
0;347
1023;347
0;348
1023;348
0;349
1023;349
0;350
1023;350
0;351
1023;351
0;352
1023;352
0;353
1023;353
0;354
1023;354
0;355
1023;355
0;356
1023;356
0;357
1023;357
0;358
1023;358
0;359
1023;359
0;360
1023;360
0;361
1023;361
0;362
1023;362
0;363
1023;363
0;364
1023;364
0;365
1023;365
0;366
1023;366
0;367
1023;367
0;368
1023;368
0;369
1023;369
0;370
1023;370
0;371
1023;371
0;372
1023;372
0;373
1023;373
0;374
1023;374
0;375
1023;375
0;376
1023;376
0;377
1023;377
0;378
1023;378
0;379
1023;379
0;380
1023;380
0;381
1023;381
0;382
1023;382
0;383
1023;383
0;384
1023;384
0;385
1023;385
0;386
1023;386
0;387
1023;387
0;388
1023;388
0;389
1023;389
0;390
1023;390
0;391
1023;391
0;392
1023;392
0;393
1023;393
0;394
1023;394
0;395
1023;395
0;396
1023;396
0;397
1023;397
0;398
1023;398
0;399
1023;399
0;400
1023;400
0;401
1023;401
0;402
1023;402
0;403
1023;403
0;404
1023;404
0;405
1023;405
0;406
1023;406
0;407
1023;407
0;408
1023;408
0;409
1023;409
0;410
1023;410
0;411
1023;411
0;412
1023;412
0;413
1023;413
0;414
1023;414
0;415
1023;415
0;416
1023;416
0;417
1023;417
0;418
1023;418
0;419
1023;419
0;420
1023;420
0;421
1023;421
0;422
1023;422
0;423
1023;423
0;424
1023;424
0;425
1023;425
0;426
1023;426
0;427
1023;427
0;428
1023;428
0;429
1023;429
0;430
1023;430
0;431
1023;431
0;432
1023;432
0;433
1023;433
0;434
1023;434
0;435
1023;435
0;436
1023;436
0;437
1023;437
0;438
1023;438
0;439
1023;439
0;440
1023;440
0;441
1023;441
0;442
1023;442
0;443
1023;443
0;444
1023;444
0;445
1023;445
0;446
1023;446
0;447
1023;447
0;448
1023;448
0;449
1023;449
0;450
1023;450
0;451
1023;451
0;452
1023;452
0;453
1023;453
0;454
1023;454
0;455
1023;455
0;456
1023;456
0;457
1023;457
0;458
1023;458
0;459
1023;459
0;460
1023;460
0;461
1023;461
0;462
1023;462
0;463
1023;463
0;464
1023;464
0;465
1023;465
0;466
1023;466
0;467
1023;467
0;468
1023;468
0;469
1023;469
0;470
1023;470
0;471
1023;471
0;472
1023;472
0;473
1023;473
0;474
1023;474
0;475
1023;475
0;476
1023;476
0;477
1023;477
0;478
1023;478
0;479
1023;479
0;480
1023;480
0;481
1023;481
0;482
1023;482
0;483
1023;483
0;484
1023;484
0;485
1023;485
0;486
1023;486
0;487
1023;487
0;488
1023;488
0;489
1023;489
0;490
1023;490
0;491
1023;491
0;492
1023;492
0;493
1023;493
0;494
1023;494
0;495
1023;495
0;496
1023;496
0;497
1023;497
0;498
1023;498
0;499
1023;499
0;500
1023;500
0;501
1023;501
0;502
1023;502
0;503
1023;503
0;504
1023;504
0;505
1023;505
0;506
1023;506
0;507
1023;507
0;508
1023;508
0;509
1023;509
0;510
1023;510
0;511
1023;511
0;512
1023;512
0;513
1023;513
0;514
1023;514
0;515
1023;515
0;516
1023;516
0;517
1023;517
0;518
1023;518
0;519
1023;519
0;520
1023;520
0;521
1023;521
0;522
1023;522
0;523
1023;523
0;524
1023;524
0;525
1023;525
0;526
1023;526
0;527
1023;527
0;528
1023;528
0;529
1023;529
0;530
1023;530
0;531
1023;531
0;532
1023;532
0;533
1023;533
0;534
1023;534
0;535
1023;535
0;536
1023;536
0;537
1023;537
0;538
1023;538
0;539
1023;539
0;540
1023;540
0;541
1023;541
0;542
1023;542
0;543
1023;543
0;544
1023;544
0;545
1023;545
0;546
1023;546
0;547
1023;547
0;548
1023;548
0;549
1023;549
0;550
1023;550
0;551
1023;551
0;552
1023;552
0;553
1023;553
0;554
1023;554
0;555
1023;555
0;556
1023;556
0;557
1023;557
0;558
1023;558
0;559
1023;559
0;560
1023;560
0;561
1023;561
0;562
1023;562
0;563
1023;563
0;564
1023;564
0;565
1023;565
0;566
1023;566
0;567
1023;567
0;568
1023;568
0;569
1023;569
0;570
1023;570
0;571
1023;571
0;572
1023;572
0;573
1023;573
0;574
1023;574
0;575
1023;575
0;576
1023;576
0;577
1023;577
0;578
1023;578
0;579
1023;579
0;580
1023;580
0;581
1023;581
0;582
1023;582
0;583
1023;583
0;584
1023;584
0;585
1023;585
0;586
1023;586
0;587
1023;587
0;588
1023;588
0;589
1023;589
0;590
1023;590
0;591
1023;591
0;592
1023;592
0;593
1023;593
0;594
1023;594
0;595
1023;595
0;596
1023;596
0;597
1023;597
0;598
1023;598
0;599
1023;599
0;600
1023;600
0;601
1023;601
0;602
1023;602
0;603
1023;603
0;604
1023;604
0;605
1023;605
0;606
1023;606
0;607
1023;607
0;608
1023;608
0;609
1023;609
0;610
1023;610
0;611
1023;611
0;612
1023;612
0;613
1023;613
0;614
1023;614
0;615
1023;615
0;616
1023;616
0;617
1023;617
0;618
1023;618
0;619
1023;619
0;620
1023;620
0;621
1023;621
0;622
1023;622
0;623
1023;623
0;624
1023;624
0;625
1023;625
0;626
1023;626
0;627
1023;627
0;628
1023;628
0;629
1023;629
0;630
1023;630
0;631
1023;631
0;632
1023;632
0;633
1023;633
0;634
1023;634
0;635
1023;635
0;636
1023;636
0;637
1023;637
0;638
1023;638
0;639
1023;639
0;640
1023;640
0;641
1023;641
0;642
1023;642
0;643
1023;643
0;644
1023;644
0;645
1023;645
0;646
1023;646
0;647
1023;647
0;648
1023;648
0;649
1023;649
0;650
1023;650
0;651
1023;651
0;652
1023;652
0;653
1023;653
0;654
1023;654
0;655
1023;655
0;656
1023;656
0;657
1023;657
0;658
1023;658
0;659
1023;659
0;660
1023;660
0;661
1023;661
0;662
1023;662
0;663
1023;663
0;664
1023;664
0;665
1023;665
0;666
1023;666
0;667
1023;667
0;668
1023;668
0;669
1023;669
0;670
1023;670
0;671
1023;671
0;672
1023;672
0;673
1023;673
0;674
1023;674
0;675
1023;675
0;676
1023;676
0;677
1023;677
0;678
1023;678
0;679
1023;679
0;680
1023;680
0;681
1023;681
0;682
1023;682
0;683
1023;683
0;684
1023;684
0;685
1023;685
0;686
1023;686
0;687
1023;687
0;688
1023;688
0;689
1023;689
0;690
1023;690
0;691
1023;691
0;692
1023;692
0;693
1023;693
0;694
1023;694
0;695
1023;695
0;696
1023;696
0;697
1023;697
0;698
1023;698
0;699
1023;699
0;700
1023;700
0;701
1023;701
0;702
1023;702
0;703
1023;703
0;704
1023;704
0;705
1023;705
0;706
1023;706
0;707
1023;707
0;708
1023;708
0;709
1023;709
0;710
1023;710
0;711
1023;711
0;712
1023;712
0;713
1023;713
0;714
1023;714
0;715
1023;715
0;716
1023;716
0;717
1023;717
0;718
1023;718
0;719
1023;719
0;720
1023;720
0;721
1023;721
0;722
1023;722
0;723
1023;723
0;724
1023;724
0;725
1023;725
0;726
1023;726
0;727
1023;727
0;728
1023;728
0;729
1023;729
0;730
1023;730
0;731
1023;731
0;732
1023;732
0;733
1023;733
0;734
1023;734
0;735
1023;735
0;736
1023;736
0;737
1023;737
0;738
1023;738
0;739
1023;739
0;740
1023;740
0;741
1023;741
0;742
1023;742
0;743
1023;743
0;744
1023;744
0;745
1023;745
0;746
1023;746
0;747
1023;747
0;748
1023;748
0;749
1023;749
0;750
1023;750
0;751
1023;751
0;752
1023;752
0;753
1023;753
0;754
1023;754
0;755
1023;755
0;756
1023;756
0;757
1023;757
0;758
1023;758
0;759
1023;759
0;760
1023;760
0;761
1023;761
0;762
1023;762
0;763
1023;763
0;764
1023;764
0;765
1;765
2;765
3;765
4;765
5;765
6;765
7;765
8;765
9;765
10;765
11;765
12;765
13;765
14;765
15;765
16;765
17;765
18;765
19;765
20;765
21;765
22;765
23;765
24;765
25;765
26;765
27;765
28;765
29;765
30;765
31;765
32;765
33;765
34;765
35;765
36;765
37;765
38;765
39;765
40;765
41;765
42;765
43;765
44;765
45;765
46;765
47;765
48;765
49;765
50;765
51;765
52;765
53;765
54;765
55;765
56;765
57;765
58;765
59;765
60;765
61;765
62;765
63;765
64;765
65;765
66;765
67;765
68;765
69;765
70;765
71;765
72;765
73;765
74;765
75;765
76;765
77;765
78;765
79;765
80;765
81;765
82;765
83;765
84;765
85;765
86;765
87;765
88;765
89;765
90;765
91;765
92;765
93;765
94;765
95;765
96;765
97;765
98;765
99;765
100;765
101;765
102;765
103;765
104;765
105;765
106;765
107;765
108;765
109;765
110;765
111;765
112;765
113;765
114;765
115;765
116;765
117;765
118;765
119;765
120;765
121;765
122;765
123;765
124;765
125;765
126;765
127;765
128;765
129;765
130;765
131;765
132;765
133;765
134;765
135;765
136;765
137;765
138;765
139;765
140;765
141;765
142;765
143;765
144;765
145;765
146;765
147;765
148;765
149;765
150;765
151;765
152;765
153;765
154;765
155;765
156;765
157;765
158;765
159;765
160;765
161;765
162;765
163;765
164;765
165;765
166;765
167;765
168;765
169;765
170;765
171;765
172;765
173;765
174;765
175;765
176;765
177;765
178;765
179;765
180;765
181;765
182;765
183;765
184;765
185;765
186;765
187;765
188;765
189;765
190;765
191;765
192;765
193;765
194;765
195;765
196;765
197;765
198;765
199;765
200;765
201;765
202;765
203;765
204;765
205;765
206;765
207;765
208;765
209;765
210;765
211;765
212;765
213;765
214;765
215;765
216;765
217;765
218;765
219;765
220;765
221;765
222;765
223;765
224;765
225;765
226;765
227;765
228;765
229;765
230;765
231;765
232;765
233;765
234;765
235;765
236;765
237;765
238;765
239;765
240;765
241;765
242;765
243;765
244;765
245;765
246;765
247;765
248;765
249;765
250;765
251;765
252;765
253;765
254;765
255;765
256;765
257;765
258;765
259;765
260;765
261;765
262;765
263;765
264;765
265;765
266;765
267;765
268;765
269;765
270;765
271;765
272;765
273;765
274;765
275;765
276;765
277;765
278;765
279;765
280;765
281;765
282;765
283;765
284;765
285;765
286;765
287;765
288;765
289;765
290;765
291;765
292;765
293;765
294;765
295;765
296;765
297;765
298;765
299;765
300;765
301;765
302;765
303;765
304;765
305;765
306;765
307;765
308;765
309;765
310;765
311;765
312;765
313;765
314;765
315;765
316;765
317;765
318;765
319;765
320;765
321;765
322;765
323;765
324;765
325;765
326;765
327;765
328;765
329;765
330;765
331;765
332;765
333;765
334;765
335;765
336;765
337;765
338;765
339;765
340;765
341;765
342;765
343;765
344;765
345;765
346;765
347;765
348;765
349;765
350;765
351;765
352;765
353;765
354;765
355;765
356;765
357;765
358;765
359;765
360;765
361;765
362;765
363;765
364;765
365;765
366;765
367;765
368;765
369;765
370;765
371;765
372;765
373;765
374;765
375;765
376;765
377;765
378;765
379;765
380;765
381;765
382;765
383;765
384;765
385;765
386;765
387;765
388;765
389;765
390;765
391;765
392;765
393;765
394;765
395;765
396;765
397;765
398;765
399;765
400;765
401;765
402;765
403;765
404;765
405;765
406;765
407;765
408;765
409;765
410;765
411;765
412;765
413;765
414;765
415;765
416;765
417;765
418;765
419;765
420;765
421;765
422;765
423;765
424;765
425;765
426;765
427;765
428;765
429;765
430;765
431;765
432;765
433;765
434;765
435;765
436;765
437;765
438;765
439;765
440;765
441;765
442;765
443;765
444;765
445;765
446;765
447;765
448;765
449;765
450;765
451;765
452;765
453;765
454;765
455;765
456;765
457;765
458;765
459;765
460;765
461;765
462;765
463;765
464;765
465;765
466;765
467;765
468;765
469;765
470;765
471;765
472;765
473;765
474;765
475;765
476;765
477;765
478;765
479;765
480;765
481;765
482;765
483;765
484;765
485;765
486;765
487;765
488;765
489;765
490;765
491;765
492;765
493;765
494;765
495;765
496;765
497;765
498;765
499;765
500;765
501;765
502;765
503;765
504;765
505;765
506;765
507;765
508;765
509;765
510;765
511;765
512;765
513;765
514;765
515;765
516;765
517;765
518;765
519;765
520;765
521;765
522;765
523;765
524;765
525;765
526;765
527;765
528;765
529;765
530;765
531;765
532;765
533;765
534;765
535;765
536;765
537;765
538;765
539;765
540;765
541;765
542;765
543;765
544;765
545;765
546;765
547;765
548;765
549;765
550;765
551;765
552;765
553;765
554;765
555;765
556;765
557;765
558;765
559;765
560;765
561;765
562;765
563;765
564;765
565;765
566;765
567;765
568;765
569;765
570;765
571;765
572;765
573;765
574;765
575;765
576;765
577;765
578;765
579;765
580;765
581;765
582;765
583;765
584;765
585;765
586;765
587;765
588;765
589;765
590;765
591;765
592;765
593;765
594;765
595;765
596;765
597;765
598;765
599;765
600;765
601;765
602;765
603;765
604;765
605;765
606;765
607;765
608;765
609;765
610;765
611;765
612;765
613;765
614;765
615;765
616;765
617;765
618;765
619;765
620;765
621;765
622;765
623;765
624;765
625;765
626;765
627;765
628;765
629;765
630;765
631;765
632;765
633;765
634;765
635;765
636;765
637;765
638;765
639;765
640;765
641;765
642;765
643;765
644;765
645;765
646;765
647;765
648;765
649;765
650;765
651;765
652;765
653;765
654;765
655;765
656;765
657;765
658;765
659;765
660;765
661;765
662;765
663;765
664;765
665;765
666;765
667;765
668;765
669;765
670;765
671;765
672;765
673;765
674;765
675;765
676;765
677;765
678;765
679;765
680;765
681;765
682;765
683;765
684;765
685;765
686;765
687;765
688;765
689;765
690;765
691;765
692;765
693;765
694;765
695;765
696;765
697;765
698;765
699;765
700;765
701;765
702;765
703;765
704;765
705;765
706;765
707;765
708;765
709;765
710;765
711;765
712;765
713;765
714;765
715;765
716;765
717;765
718;765
719;765
720;765
721;765
722;765
723;765
724;765
725;765
726;765
727;765
728;765
729;765
730;765
731;765
732;765
733;765
734;765
735;765
736;765
737;765
738;765
739;765
740;765
741;765
742;765
743;765
744;765
745;765
746;765
747;765
748;765
749;765
750;765
751;765
752;765
753;765
754;765
755;765
756;765
757;765
758;765
759;765
760;765
761;765
762;765
763;765
764;765
765;765
766;765
767;765
768;765
769;765
770;765
771;765
772;765
773;765
774;765
775;765
776;765
777;765
778;765
779;765
780;765
781;765
782;765
783;765
784;765
785;765
786;765
787;765
788;765
789;765
790;765
791;765
792;765
793;765
794;765
795;765
796;765
797;765
798;765
799;765
800;765
801;765
802;765
803;765
804;765
805;765
806;765
807;765
808;765
809;765
810;765
811;765
812;765
813;765
814;765
815;765
816;765
817;765
818;765
819;765
820;765
821;765
822;765
823;765
824;765
825;765
826;765
827;765
828;765
829;765
830;765
831;765
832;765
833;765
834;765
835;765
836;765
837;765
838;765
839;765
840;765
841;765
842;765
843;765
844;765
845;765
846;765
847;765
848;765
849;765
850;765
851;765
852;765
853;765
854;765
855;765
856;765
857;765
858;765
859;765
860;765
861;765
862;765
863;765
864;765
865;765
866;765
867;765
868;765
869;765
870;765
871;765
872;765
873;765
874;765
875;765
876;765
877;765
878;765
879;765
880;765
881;765
882;765
883;765
884;765
885;765
886;765
887;765
888;765
889;765
890;765
891;765
892;765
893;765
894;765
895;765
896;765
897;765
898;765
899;765
900;765
901;765
902;765
903;765
904;765
905;765
906;765
907;765
908;765
909;765
910;765
911;765
912;765
913;765
914;765
915;765
916;765
917;765
918;765
919;765
920;765
921;765
922;765
923;765
924;765
925;765
926;765
927;765
928;765
929;765
930;765
931;765
932;765
933;765
934;765
935;765
936;765
937;765
938;765
939;765
940;765
941;765
942;765
943;765
944;765
945;765
946;765
947;765
948;765
949;765
950;765
951;765
952;765
953;765
954;765
955;765
956;765
957;765
958;765
959;765
960;765
961;765
962;765
963;765
964;765
965;765
966;765
967;765
968;765
969;765
970;765
971;765
972;765
973;765
974;765
975;765
976;765
977;765
978;765
979;765
980;765
981;765
982;765
983;765
984;765
985;765
986;765
987;765
988;765
989;765
990;765
991;765
992;765
993;765
994;765
995;765
996;765
997;765
998;765
999;765
1000;765
1001;765
1002;765
1003;765
1004;765
1005;765
1006;765
1007;765
1008;765
1009;765
1010;765
1011;765
1012;765
1013;765
1014;765
1015;765
1016;765
1017;765
1018;765
1019;765
1020;765
1021;765
1022;765
1023;765
229