181
11
20;762
21;762
20;763
21;763
20;764
21;764
22;764
20;765
21;765
22;765
23;765
9
423;761
422;762
423;762
422;763
423;763
422;764
423;764
422;765
423;765
1
379;757
1
378;756
1
376;755
92
112;746
113;746
114;746
115;746
116;746
117;746
118;746
119;746
120;746
110;747
111;747
112;747
113;747
114;747
115;747
116;747
117;747
118;747
119;747
120;747
121;747
122;747
109;748
110;748
111;748
112;748
113;748
114;748
115;748
116;748
117;748
118;748
119;748
120;748
121;748
122;748
108;749
109;749
110;749
111;749
112;749
113;749
114;749
115;749
116;749
117;749
118;749
119;749
120;749
121;749
122;749
109;750
110;750
111;750
112;750
113;750
114;750
115;750
116;750
117;750
118;750
119;750
120;750
121;750
111;751
112;751
113;751
114;751
115;751
116;751
117;751
118;751
119;751
120;751
112;752
113;752
114;752
115;752
116;752
117;752
118;752
119;752
113;753
114;753
115;753
116;753
117;753
118;753
113;754
114;754
115;754
116;754
3
715;745
716;745
716;746
10
680;741
680;742
681;742
682;742
683;742
681;743
682;743
683;743
682;744
683;744
3
416;737
417;737
418;737
6
32;729
33;729
34;729
35;729
34;730
35;730
4
25;728
26;728
27;728
28;728
9
462;721
461;722
462;722
463;722
461;723
462;723
463;723
464;723
462;724
20
409;714
410;714
411;714
408;715
409;715
410;715
411;715
412;715
408;716
409;716
410;716
411;716
407;717
408;717
409;717
410;717
408;718
409;718
410;718
409;719
5
32;712
33;712
32;713
33;713
34;713
2
533;711
534;711
11
841;700
841;701
841;702
839;703
840;703
841;703
839;704
840;704
841;704
840;705
840;706
1
795;699
47
181;692
182;692
183;692
184;692
185;692
186;692
180;693
181;693
182;693
183;693
184;693
173;694
174;694
175;694
176;694
177;694
178;694
179;694
180;694
181;694
182;694
183;694
173;695
174;695
175;695
176;695
177;695
178;695
179;695
180;695
181;695
173;696
174;696
175;696
176;696
177;696
178;696
179;696
180;696
174;697
175;697
176;697
177;697
178;697
175;698
176;698
177;698
2
15;691
16;691
17
233;690
234;690
232;691
233;691
234;691
235;691
236;691
231;692
232;692
233;692
234;692
235;692
230;693
231;693
232;693
233;693
234;693
1
17;690
59
268;681
269;681
267;682
268;682
269;682
265;683
266;683
267;683
268;683
263;684
264;684
265;684
266;684
267;684
268;684
262;685
263;685
264;685
265;685
266;685
267;685
268;685
261;686
262;686
263;686
264;686
265;686
266;686
267;686
260;687
261;687
262;687
263;687
264;687
265;687
266;687
259;688
260;688
261;688
262;688
263;688
264;688
265;688
266;688
258;689
259;689
260;689
261;689
262;689
263;689
264;689
265;689
259;690
260;690
261;690
262;690
263;690
260;691
261;691
1
164;660
2
645;656
645;657
25
84;656
85;656
86;656
87;656
88;656
89;656
90;656
83;657
84;657
85;657
86;657
87;657
88;657
89;657
90;657
85;658
86;658
87;658
88;658
89;658
86;659
87;659
88;659
87;660
88;660
3
69;653
69;654
70;654
7
522;646
523;646
524;646
525;646
522;647
523;647
524;647
25
275;643
276;643
274;644
275;644
276;644
277;644
278;644
279;644
280;644
281;644
282;644
283;644
284;644
274;645
275;645
276;645
277;645
278;645
279;645
280;645
281;645
282;645
283;645
273;646
274;646
10
489;632
490;632
489;633
490;633
491;633
492;633
490;634
491;634
492;634
492;635
7
432;631
429;632
430;632
431;632
432;632
430;633
431;633
1
901;629
18
206;622
204;623
205;623
206;623
204;624
205;624
206;624
204;625
205;625
206;625
207;625
204;626
205;626
206;626
207;626
205;627
206;627
207;627
34
288;618
289;618
286;619
287;619
288;619
289;619
290;619
291;619
285;620
286;620
287;620
288;620
289;620
290;620
291;620
292;620
284;621
285;621
286;621
287;621
288;621
289;621
290;621
291;621
284;622
285;622
286;622
287;622
288;622
289;622
284;623
285;623
286;623
287;623
13
963;617
962;618
963;618
961;619
962;619
960;620
961;620
959;621
960;621
961;621
958;622
959;622
960;622
12
172;617
173;617
171;618
172;618
173;618
174;618
169;619
170;619
171;619
172;619
173;619
174;619
5
466;610
467;610
468;610
467;611
468;611
31
418;597
415;598
416;598
417;598
418;598
419;598
414;599
415;599
416;599
417;599
418;599
419;599
415;600
416;600
417;600
418;600
419;600
416;601
417;601
418;601
419;601
416;602
417;602
418;602
419;602
417;603
418;603
419;603
417;604
418;604
419;604
1
566;590
5
509;589
507;590
508;590
509;590
507;591
1
673;585
3
734;582
734;583
734;584
1
594;582
1
595;581
26
605;578
606;578
605;579
606;579
607;579
606;580
607;580
606;581
607;581
606;582
607;582
606;583
607;583
606;584
607;584
606;585
607;585
606;586
607;586
608;586
606;587
607;587
608;587
605;588
606;588
607;588
4
575;578
575;579
575;580
575;581
5
308;578
308;579
308;580
307;581
308;581
6
631;576
632;576
630;577
631;577
629;578
630;578
6
634;574
635;574
636;574
633;575
634;575
635;575
3
730;552
729;553
730;553
1
226;552
1
770;542
73
253;542
254;542
255;542
256;542
252;543
253;543
254;543
255;543
256;543
257;543
252;544
253;544
254;544
255;544
256;544
257;544
258;544
259;544
252;545
253;545
254;545
255;545
256;545
257;545
258;545
259;545
260;545
251;546
252;546
253;546
254;546
255;546
256;546
257;546
258;546
259;546
260;546
250;547
251;547
252;547
253;547
254;547
255;547
256;547
257;547
258;547
259;547
260;547
251;548
252;548
253;548
254;548
255;548
256;548
257;548
258;548
259;548
260;548
251;549
252;549
253;549
254;549
255;549
256;549
257;549
258;549
259;549
253;550
254;550
255;550
256;550
257;550
258;550
3
379;538
380;538
381;538
2
214;528
215;528
23
195;522
196;522
197;522
198;522
199;522
200;522
201;522
202;522
196;523
197;523
198;523
199;523
200;523
201;523
202;523
203;523
196;524
197;524
198;524
199;524
200;524
201;524
202;524
29
358;519
359;519
356;520
357;520
358;520
359;520
360;520
355;521
356;521
357;521
358;521
359;521
360;521
354;522
355;522
356;522
357;522
358;522
359;522
360;522
355;523
356;523
357;523
358;523
359;523
360;523
361;523
356;524
357;524
94
823;514
824;514
824;515
825;515
826;515
825;516
826;516
825;517
826;517
825;518
826;518
827;518
825;519
826;519
827;519
825;520
826;520
827;520
828;520
825;521
826;521
827;521
828;521
829;521
825;522
826;522
827;522
828;522
829;522
830;522
825;523
826;523
827;523
828;523
829;523
830;523
825;524
826;524
827;524
828;524
829;524
830;524
831;524
826;525
827;525
828;525
829;525
830;525
831;525
832;525
826;526
827;526
828;526
829;526
830;526
831;526
832;526
826;527
827;527
828;527
829;527
830;527
831;527
832;527
826;528
827;528
828;528
829;528
830;528
831;528
832;528
833;528
827;529
828;529
829;529
830;529
831;529
832;529
833;529
827;530
828;530
829;530
830;530
831;530
832;530
833;530
828;531
829;531
830;531
831;531
832;531
833;531
829;532
830;532
2
821;513
822;513
1
697;509
3
190;497
190;498
191;498
8
372;494
373;494
374;494
372;495
373;495
374;495
372;496
373;496
5
0;493
1;493
0;494
1;494
2;494
20
952;488
953;488
951;489
952;489
950;490
951;490
952;490
950;491
951;491
952;491
949;492
950;492
951;492
949;493
950;493
951;493
949;494
950;494
951;494
950;495
46
1013;483
1014;483
1015;483
1016;483
1011;484
1012;484
1013;484
1014;484
1015;484
1016;484
1017;484
1018;484
1019;484
1010;485
1011;485
1012;485
1013;485
1014;485
1015;485
1016;485
1017;485
1018;485
1009;486
1010;486
1011;486
1012;486
1013;486
1014;486
1015;486
1016;486
1017;486
1010;487
1011;487
1012;487
1013;487
1014;487
1015;487
1016;487
1011;488
1012;488
1013;488
1014;488
1015;488
1012;489
1013;489
1014;489
7
698;477
699;477
698;478
699;478
697;479
698;479
698;480
1
1012;469
2
739;467
739;468
23
1021;464
1022;464
1023;464
1019;465
1020;465
1021;465
1022;465
1023;465
1017;466
1018;466
1019;466
1020;466
1021;466
1022;466
1023;466
1014;467
1015;467
1016;467
1017;467
1018;467
1013;468
1014;468
1015;468
19
702;458
701;459
702;459
703;459
700;460
701;460
702;460
697;461
698;461
699;461
700;461
701;461
695;462
696;462
697;462
698;462
699;462
700;462
697;463
19
855;453
856;453
855;454
856;454
855;455
856;455
857;455
856;456
857;456
858;456
856;457
857;457
858;457
859;457
857;458
858;458
859;458
858;459
859;459
1
854;452
1
951;448
2
559;448
559;449
13
402;448
402;449
402;450
402;451
403;451
404;451
405;451
406;451
407;451
402;452
403;452
404;452
405;452
11
322;446
321;447
322;447
320;448
321;448
322;448
319;449
320;449
321;449
322;449
321;450
4
335;445
335;446
336;446
337;446
9
36;442
34;443
35;443
36;443
33;444
34;444
35;444
33;445
34;445
1
323;441
1
324;440
22
949;438
950;438
949;439
950;439
951;439
949;440
950;440
951;440
952;440
953;440
949;441
950;441
949;442
950;442
949;443
950;443
949;444
950;444
949;445
950;445
950;446
950;447
20
556;431
555;432
556;432
554;433
555;433
556;433
557;433
554;434
555;434
556;434
557;434
554;435
555;435
556;435
557;435
558;435
555;436
556;436
557;436
556;437
6
451;430
452;430
453;430
452;431
453;431
454;431
17
380;425
379;426
380;426
381;426
382;426
377;427
378;427
379;427
380;427
381;427
382;427
376;428
377;428
378;428
377;429
378;429
377;430
3
393;423
394;423
393;424
215
752;422
753;422
754;422
751;423
752;423
753;423
754;423
755;423
751;424
752;424
753;424
754;424
755;424
756;424
749;425
750;425
751;425
752;425
753;425
754;425
755;425
756;425
749;426
750;426
751;426
752;426
753;426
754;426
755;426
756;426
749;427
750;427
751;427
752;427
753;427
754;427
755;427
756;427
745;428
746;428
747;428
748;428
749;428
750;428
751;428
752;428
753;428
754;428
755;428
756;428
743;429
744;429
745;429
746;429
747;429
748;429
749;429
750;429
751;429
752;429
753;429
754;429
755;429
756;429
757;429
744;430
745;430
746;430
747;430
748;430
749;430
750;430
751;430
752;430
753;430
754;430
755;430
756;430
757;430
758;430
759;430
760;430
761;430
762;430
763;430
750;431
751;431
752;431
753;431
754;431
755;431
756;431
757;431
758;431
759;431
760;431
761;431
762;431
763;431
751;432
752;432
753;432
754;432
755;432
756;432
757;432
758;432
759;432
760;432
761;432
762;432
763;432
751;433
752;433
753;433
754;433
755;433
756;433
757;433
758;433
759;433
760;433
761;433
762;433
751;434
752;434
753;434
754;434
755;434
756;434
757;434
758;434
759;434
760;434
761;434
762;434
751;435
752;435
753;435
754;435
755;435
756;435
757;435
758;435
759;435
760;435
761;435
751;436
752;436
753;436
754;436
755;436
756;436
757;436
758;436
759;436
760;436
752;437
753;437
754;437
755;437
756;437
757;437
758;437
759;437
760;437
753;438
754;438
755;438
756;438
757;438
758;438
759;438
760;438
753;439
754;439
755;439
756;439
757;439
758;439
759;439
760;439
753;440
754;440
755;440
756;440
757;440
758;440
759;440
760;440
753;441
754;441
755;441
756;441
757;441
758;441
759;441
760;441
753;442
754;442
755;442
756;442
757;442
758;442
759;442
760;442
754;443
755;443
756;443
757;443
758;443
759;443
760;443
755;444
756;444
2
396;420
397;420
21
807;418
806;419
807;419
808;419
806;420
807;420
808;420
809;420
806;421
807;421
808;421
809;421
807;422
808;422
809;422
810;422
808;423
809;423
810;423
809;424
810;424
2
649;416
650;416
6
144;412
145;412
144;413
145;413
144;414
145;414
21
792;408
793;408
792;409
793;409
794;409
792;410
793;410
794;410
795;410
792;411
793;411
794;411
795;411
793;412
794;412
795;412
793;413
794;413
795;413
794;414
795;414
15
752;407
751;408
752;408
753;408
754;408
750;409
751;409
752;409
753;409
754;409
750;410
751;410
752;410
753;410
751;411
105
322;406
323;406
320;407
321;407
322;407
323;407
324;407
325;407
318;408
319;408
320;408
321;408
322;408
323;408
324;408
325;408
326;408
315;409
316;409
317;409
318;409
319;409
320;409
321;409
322;409
323;409
324;409
325;409
326;409
315;410
316;410
317;410
318;410
319;410
320;410
321;410
322;410
323;410
324;410
314;411
315;411
316;411
317;411
318;411
319;411
320;411
321;411
322;411
323;411
313;412
314;412
315;412
316;412
317;412
318;412
319;412
320;412
321;412
322;412
313;413
314;413
315;413
316;413
317;413
318;413
319;413
320;413
321;413
312;414
313;414
314;414
315;414
316;414
317;414
318;414
319;414
320;414
312;415
313;415
314;415
315;415
316;415
317;415
318;415
319;415
312;416
313;416
314;416
315;416
316;416
317;416
318;416
319;416
311;417
312;417
313;417
314;417
315;417
316;417
317;417
312;418
313;418
314;418
315;418
316;418
6
72;405
73;405
74;405
72;406
73;406
73;407
4
536;404
536;405
535;406
536;406
26
563;403
562;404
563;404
564;404
562;405
563;405
564;405
565;405
562;406
563;406
564;406
565;406
566;406
567;406
563;407
564;407
565;407
566;407
567;407
563;408
564;408
565;408
566;408
567;408
568;408
565;409
14
344;401
345;401
346;401
343;402
344;402
345;402
346;402
347;402
344;403
345;403
346;403
344;404
345;404
344;405
3
960;399
961;399
962;399
2
810;390
810;391
7
752;377
751;378
752;378
751;379
752;379
751;380
752;380
8
267;374
268;374
269;374
270;374
267;375
268;375
269;375
270;375
20
783;365
782;366
783;366
784;366
781;367
782;367
783;367
784;367
785;367
782;368
783;368
784;368
785;368
786;368
782;369
783;369
784;369
785;369
783;370
784;370
20
319;365
320;365
321;365
322;365
323;365
324;365
321;366
322;366
323;366
324;366
322;367
323;367
324;367
323;368
324;368
323;369
323;370
323;371
323;372
323;373
1
860;358
1
670;356
3
282;354
281;355
282;355
44
371;349
370;350
371;350
372;350
373;350
369;351
370;351
371;351
372;351
373;351
374;351
369;352
370;352
371;352
372;352
373;352
374;352
368;353
369;353
370;353
371;353
372;353
373;353
374;353
366;354
367;354
368;354
369;354
370;354
371;354
372;354
373;354
366;355
367;355
368;355
369;355
370;355
371;355
372;355
366;356
367;356
368;356
369;356
370;356
5
471;342
470;343
471;343
469;344
470;344
1
339;341
1
233;340
25
97;338
98;338
96;339
97;339
98;339
93;340
94;340
95;340
96;340
97;340
98;340
93;341
94;341
95;341
96;341
97;341
93;342
94;342
95;342
96;342
97;342
93;343
94;343
95;343
94;344
1
384;334
24
83;329
84;329
80;330
81;330
82;330
83;330
76;331
77;331
78;331
79;331
80;331
81;331
82;331
83;331
76;332
77;332
78;332
79;332
80;332
81;332
82;332
83;332
77;333
78;333
14
283;326
284;326
285;326
286;326
283;327
284;327
285;327
286;327
284;328
285;328
286;328
287;328
285;329
286;329
12
423;319
424;319
425;319
426;319
424;320
425;320
426;320
424;321
425;321
426;321
426;322
427;322
4
500;308
500;309
500;310
500;311
2
410;303
411;303
40
511;293
512;293
509;294
510;294
511;294
512;294
513;294
509;295
510;295
511;295
512;295
513;295
514;295
508;296
509;296
510;296
511;296
512;296
513;296
507;297
508;297
509;297
510;297
511;297
512;297
513;297
507;298
508;298
509;298
510;298
511;298
512;298
507;299
508;299
509;299
510;299
511;299
509;300
510;300
509;301
4
525;289
526;289
524;290
525;290
15
655;280
656;280
657;280
658;280
659;280
655;281
656;281
657;281
654;282
655;282
656;282
657;282
654;283
655;283
656;283
42
209;276
210;276
211;276
212;276
213;276
214;276
209;277
210;277
211;277
212;277
213;277
214;277
215;277
208;278
209;278
210;278
211;278
212;278
213;278
214;278
215;278
216;278
208;279
209;279
210;279
211;279
212;279
213;279
214;279
215;279
208;280
209;280
210;280
211;280
212;280
213;280
208;281
209;281
210;281
211;281
209;282
210;282
1
482;275
8
372;274
373;274
370;275
371;275
372;275
373;275
371;276
372;276
12
917;273
918;273
919;273
920;273
918;274
919;274
920;274
921;274
919;275
920;275
921;275
921;276
5
307;270
308;270
307;271
308;271
308;272
10
597;267
596;268
597;268
596;269
597;269
598;269
599;269
597;270
598;270
599;270
23
495;257
496;257
497;257
493;258
494;258
495;258
496;258
497;258
493;259
494;259
495;259
496;259
497;259
493;260
494;260
495;260
496;260
497;260
494;261
495;261
496;261
494;262
495;262
1
526;255
14
680;241
681;241
682;241
683;241
680;242
681;242
682;242
683;242
684;242
681;243
682;243
683;243
684;243
681;244
37
495;237
496;237
495;238
496;238
497;238
498;238
499;238
494;239
495;239
496;239
497;239
498;239
499;239
500;239
492;240
493;240
494;240
495;240
496;240
497;240
498;240
499;240
500;240
492;241
493;241
494;241
495;241
496;241
497;241
498;241
499;241
500;241
493;242
494;242
495;242
496;242
497;242
19
169;236
170;236
171;236
167;237
168;237
169;237
170;237
171;237
168;238
169;238
170;238
171;238
172;238
168;239
169;239
170;239
171;239
172;239
170;240
6
411;233
412;233
410;234
411;234
412;234
412;235
19
819;232
820;232
819;233
820;233
819;234
820;234
818;235
819;235
820;235
818;236
819;236
820;236
818;237
819;237
818;238
819;238
818;239
819;239
818;240
26
145;228
146;228
146;229
147;229
148;229
149;229
150;229
151;229
146;230
147;230
148;230
149;230
150;230
151;230
146;231
147;231
148;231
149;231
150;231
151;231
147;232
148;232
149;232
150;232
148;233
149;233
2
0;219
0;220
5
592;205
593;205
591;206
592;206
593;206
32
100;199
99;200
100;200
101;200
102;200
100;201
101;201
102;201
103;201
100;202
101;202
102;202
103;202
101;203
102;203
103;203
104;203
102;204
103;204
104;204
105;204
106;204
104;205
105;205
106;205
107;205
108;205
105;206
106;206
107;206
108;206
109;206
68
850;192
851;192
850;193
851;193
852;193
849;194
850;194
851;194
852;194
853;194
848;195
849;195
850;195
851;195
852;195
853;195
854;195
848;196
849;196
850;196
851;196
852;196
853;196
854;196
855;196
848;197
849;197
850;197
851;197
852;197
853;197
854;197
855;197
848;198
849;198
850;198
851;198
852;198
853;198
854;198
855;198
848;199
849;199
850;199
851;199
852;199
853;199
854;199
855;199
848;200
849;200
850;200
851;200
852;200
853;200
854;200
848;201
849;201
850;201
851;201
852;201
853;201
848;202
849;202
850;202
851;202
852;202
849;203
8
184;188
185;188
186;188
184;189
185;189
186;189
187;189
185;190
3
70;183
71;183
72;183
62
969;176
970;176
962;177
963;177
964;177
965;177
966;177
967;177
968;177
969;177
962;178
963;178
964;178
965;178
966;178
967;178
968;178
969;178
960;179
961;179
962;179
963;179
964;179
965;179
966;179
967;179
968;179
959;180
960;180
961;180
962;180
963;180
964;180
965;180
966;180
967;180
958;181
959;181
960;181
961;181
962;181
963;181
964;181
965;181
966;181
967;181
958;182
959;182
960;182
961;182
962;182
963;182
964;182
965;182
966;182
961;183
962;183
963;183
964;183
965;183
962;184
963;184
26
625;170
625;171
625;172
626;172
627;172
628;172
625;173
626;173
627;173
628;173
626;174
627;174
628;174
629;174
627;175
628;175
629;175
630;175
627;176
628;176
629;176
630;176
628;177
629;177
630;177
629;178
2
699;163
700;163
30
697;146
696;147
697;147
696;148
697;148
698;148
695;149
696;149
697;149
698;149
699;149
696;150
697;150
698;150
699;150
700;150
698;151
699;151
700;151
701;151
698;152
699;152
700;152
701;152
702;152
699;153
700;153
701;153
702;153
701;154
28
261;142
261;143
262;143
263;143
260;144
261;144
262;144
263;144
259;145
260;145
261;145
262;145
263;145
264;145
259;146
260;146
261;146
262;146
263;146
264;146
265;146
266;146
267;146
261;147
262;147
263;147
264;147
263;148
3
73;133
74;133
75;133
1
223;131
18
207;130
208;130
205;131
206;131
207;131
208;131
205;132
206;132
207;132
208;132
209;132
206;133
207;133
208;133
209;133
207;134
208;134
209;134
10
670;126
669;127
670;127
667;128
668;128
669;128
667;129
668;129
666;130
667;130
27
280;120
281;120
282;120
283;120
284;120
279;121
280;121
281;121
282;121
283;121
284;121
285;121
279;122
280;122
281;122
282;122
283;122
284;122
278;123
279;123
280;123
281;123
282;123
283;123
278;124
279;124
280;124
22
132;116
131;117
132;117
131;118
132;118
131;119
132;119
131;120
132;120
133;120
131;121
132;121
133;121
131;122
132;122
133;122
134;122
131;123
132;123
133;123
131;124
132;124
1
477;115
34
159;114
160;114
161;114
158;115
159;115
160;115
161;115
162;115
157;116
158;116
159;116
160;116
161;116
162;116
163;116
156;117
157;117
158;117
159;117
160;117
161;117
162;117
163;117
155;118
156;118
157;118
158;118
159;118
160;118
161;118
162;118
163;118
164;118
164;119
4
474;113
475;113
475;114
476;114
1
473;112
67
246;112
247;112
248;112
245;113
246;113
247;113
248;113
243;114
244;114
245;114
246;114
247;114
248;114
240;115
241;115
242;115
243;115
244;115
245;115
246;115
247;115
248;115
241;116
242;116
243;116
244;116
245;116
246;116
247;116
248;116
241;117
242;117
243;117
244;117
245;117
246;117
247;117
248;117
242;118
243;118
244;118
245;118
246;118
247;118
248;118
242;119
243;119
244;119
245;119
246;119
247;119
248;119
249;119
243;120
244;120
245;120
246;120
247;120
248;120
249;120
243;121
244;121
245;121
246;121
247;121
244;122
245;122
2
838;108
838;109
9
302;108
301;109
302;109
299;110
300;110
301;110
298;111
299;111
300;111
2
534;107
535;107
59
705;106
706;106
705;107
706;107
707;107
708;107
706;108
707;108
708;108
709;108
707;109
708;109
709;109
710;109
708;110
709;110
710;110
711;110
709;111
710;111
711;111
712;111
709;112
710;112
711;112
712;112
709;113
710;113
711;113
712;113
713;113
709;114
710;114
711;114
712;114
713;114
709;115
710;115
711;115
712;115
713;115
709;116
710;116
711;116
712;116
713;116
709;117
710;117
711;117
712;117
713;117
709;118
710;118
711;118
712;118
713;118
710;119
711;119
712;119
64
121;105
122;105
123;105
120;106
121;106
122;106
123;106
118;107
119;107
120;107
121;107
122;107
123;107
117;108
118;108
119;108
120;108
121;108
122;108
123;108
117;109
118;109
119;109
120;109
121;109
122;109
123;109
117;110
118;110
119;110
120;110
121;110
122;110
123;110
117;111
118;111
119;111
120;111
121;111
122;111
123;111
117;112
118;112
119;112
120;112
121;112
122;112
123;112
117;113
118;113
119;113
120;113
121;113
122;113
123;113
117;114
118;114
119;114
120;114
121;114
122;114
123;114
118;115
119;115
13
63;105
63;106
64;106
63;107
64;107
65;107
63;108
64;108
65;108
61;109
62;109
63;109
64;109
16
308;103
307;104
308;104
309;104
310;104
306;105
307;105
308;105
309;105
310;105
311;105
304;106
305;106
306;106
307;106
308;106
3
215;101
214;102
215;102
65
265;95
262;96
263;96
264;96
265;96
259;97
260;97
261;97
262;97
263;97
264;97
257;98
258;98
259;98
260;98
261;98
262;98
263;98
257;99
258;99
259;99
260;99
261;99
262;99
263;99
256;100
257;100
258;100
259;100
260;100
261;100
262;100
255;101
256;101
257;101
258;101
259;101
260;101
261;101
255;102
256;102
257;102
258;102
259;102
260;102
261;102
255;103
256;103
257;103
258;103
259;103
260;103
254;104
255;104
256;104
257;104
258;104
252;105
253;105
254;105
255;105
256;105
252;106
253;106
254;106
8
658;88
658;89
659;89
658;90
659;90
660;90
659;91
660;91
1
750;76
24
0;73
0;74
1;74
0;75
1;75
0;76
1;76
2;76
0;77
1;77
2;77
0;78
1;78
2;78
3;78
0;79
1;79
2;79
3;79
0;80
1;80
2;80
0;81
1;81
59
457;60
456;61
457;61
458;61
454;62
455;62
456;62
457;62
458;62
452;63
453;63
454;63
455;63
456;63
457;63
458;63
459;63
452;64
453;64
454;64
455;64
456;64
457;64
458;64
459;64
451;65
452;65
453;65
454;65
455;65
456;65
457;65
458;65
451;66
452;66
453;66
454;66
455;66
456;66
457;66
458;66
451;67
452;67
453;67
454;67
455;67
456;67
457;67
458;67
452;68
453;68
454;68
455;68
456;68
457;68
454;69
455;69
456;69
455;70
11
239;53
240;53
238;54
239;54
240;54
241;54
239;55
240;55
241;55
240;56
241;56
2
537;46
537;47
90
370;46
371;46
364;47
365;47
366;47
367;47
368;47
369;47
370;47
371;47
372;47
373;47
374;47
363;48
364;48
365;48
366;48
367;48
368;48
369;48
370;48
371;48
372;48
373;48
374;48
375;48
362;49
363;49
364;49
365;49
366;49
367;49
368;49
369;49
370;49
371;49
372;49
373;49
374;49
375;49
376;49
377;49
360;50
361;50
362;50
363;50
364;50
365;50
366;50
367;50
368;50
369;50
370;50
371;50
372;50
373;50
374;50
375;50
376;50
377;50
360;51
361;51
362;51
363;51
364;51
365;51
366;51
367;51
368;51
369;51
370;51
371;51
372;51
373;51
374;51
375;51
376;51
361;52
362;52
363;52
364;52
365;52
366;52
367;52
368;52
369;52
370;52
371;52
372;52
373;52
1
538;43
38
358;33
358;34
359;34
358;35
359;35
358;36
359;36
354;37
355;37
356;37
357;37
358;37
359;37
354;38
355;38
356;38
357;38
358;38
359;38
352;39
353;39
354;39
355;39
356;39
357;39
358;39
359;39
352;40
353;40
354;40
355;40
356;40
357;40
358;40
352;41
353;41
354;41
355;41
1
582;32
3
169;31
170;31
170;32
27
623;28
624;28
622;29
623;29
624;29
625;29
626;29
620;30
621;30
622;30
623;30
624;30
625;30
626;30
619;31
620;31
621;31
622;31
623;31
624;31
625;31
619;32
620;32
621;32
622;32
623;32
620;33
3
463;16
462;17
463;17
1
514;0
78
442;0
443;0
444;0
445;0
446;0
447;0
442;1
443;1
444;1
445;1
446;1
447;1
442;2
443;2
444;2
445;2
446;2
447;2
442;3
443;3
444;3
445;3
446;3
447;3
441;4
442;4
443;4
444;4
445;4
446;4
447;4
440;5
441;5
442;5
443;5
444;5
445;5
446;5
447;5
448;5
439;6
440;6
441;6
442;6
443;6
444;6
445;6
446;6
447;6
448;6
449;6
438;7
439;7
440;7
441;7
442;7
443;7
444;7
445;7
446;7
447;7
448;7
449;7
441;8
442;8
443;8
444;8
445;8
446;8
447;8
448;8
449;8
443;9
444;9
445;9
446;9
447;9
448;9
3
185;0
186;0
187;0
3576
0;0
1;0
2;0
3;0
4;0
5;0
6;0
7;0
8;0
9;0
10;0
11;0
12;0
13;0
14;0
15;0
16;0
17;0
18;0
19;0
20;0
21;0
22;0
23;0
24;0
25;0
26;0
27;0
28;0
29;0
30;0
31;0
32;0
33;0
34;0
35;0
36;0
37;0
38;0
39;0
40;0
41;0
42;0
43;0
44;0
45;0
46;0
47;0
48;0
49;0
50;0
51;0
52;0
53;0
54;0
55;0
56;0
57;0
58;0
59;0
60;0
61;0
62;0
63;0
64;0
65;0
66;0
67;0
68;0
69;0
70;0
71;0
72;0
73;0
74;0
75;0
76;0
77;0
78;0
79;0
80;0
81;0
82;0
83;0
84;0
85;0
86;0
87;0
88;0
89;0
90;0
91;0
92;0
93;0
94;0
95;0
96;0
97;0
98;0
99;0
100;0
101;0
102;0
103;0
104;0
105;0
106;0
107;0
108;0
109;0
110;0
111;0
112;0
113;0
114;0
115;0
116;0
117;0
118;0
119;0
120;0
121;0
122;0
123;0
124;0
125;0
126;0
127;0
128;0
129;0
130;0
131;0
132;0
133;0
134;0
135;0
136;0
137;0
138;0
139;0
140;0
141;0
142;0
143;0
144;0
145;0
146;0
147;0
148;0
149;0
150;0
151;0
152;0
153;0
154;0
155;0
156;0
157;0
158;0
159;0
160;0
161;0
162;0
163;0
164;0
165;0
166;0
167;0
168;0
169;0
170;0
171;0
172;0
173;0
174;0
175;0
176;0
177;0
178;0
179;0
180;0
181;0
182;0
183;0
184;0
185;0
186;0
187;0
188;0
189;0
190;0
191;0
192;0
193;0
194;0
195;0
196;0
197;0
198;0
199;0
200;0
201;0
202;0
203;0
204;0
205;0
206;0
207;0
208;0
209;0
210;0
211;0
212;0
213;0
214;0
215;0
216;0
217;0
218;0
219;0
220;0
221;0
222;0
223;0
224;0
225;0
226;0
227;0
228;0
229;0
230;0
231;0
232;0
233;0
234;0
235;0
236;0
237;0
238;0
239;0
240;0
241;0
242;0
243;0
244;0
245;0
246;0
247;0
248;0
249;0
250;0
251;0
252;0
253;0
254;0
255;0
256;0
257;0
258;0
259;0
260;0
261;0
262;0
263;0
264;0
265;0
266;0
267;0
268;0
269;0
270;0
271;0
272;0
273;0
274;0
275;0
276;0
277;0
278;0
279;0
280;0
281;0
282;0
283;0
284;0
285;0
286;0
287;0
288;0
289;0
290;0
291;0
292;0
293;0
294;0
295;0
296;0
297;0
298;0
299;0
300;0
301;0
302;0
303;0
304;0
305;0
306;0
307;0
308;0
309;0
310;0
311;0
312;0
313;0
314;0
315;0
316;0
317;0
318;0
319;0
320;0
321;0
322;0
323;0
324;0
325;0
326;0
327;0
328;0
329;0
330;0
331;0
332;0
333;0
334;0
335;0
336;0
337;0
338;0
339;0
340;0
341;0
342;0
343;0
344;0
345;0
346;0
347;0
348;0
349;0
350;0
351;0
352;0
353;0
354;0
355;0
356;0
357;0
358;0
359;0
360;0
361;0
362;0
363;0
364;0
365;0
366;0
367;0
368;0
369;0
370;0
371;0
372;0
373;0
374;0
375;0
376;0
377;0
378;0
379;0
380;0
381;0
382;0
383;0
384;0
385;0
386;0
387;0
388;0
389;0
390;0
391;0
392;0
393;0
394;0
395;0
396;0
397;0
398;0
399;0
400;0
401;0
402;0
403;0
404;0
405;0
406;0
407;0
408;0
409;0
410;0
411;0
412;0
413;0
414;0
415;0
416;0
417;0
418;0
419;0
420;0
421;0
422;0
423;0
424;0
425;0
426;0
427;0
428;0
429;0
430;0
431;0
432;0
433;0
434;0
435;0
436;0
437;0
438;0
439;0
440;0
441;0
442;0
443;0
444;0
445;0
446;0
447;0
448;0
449;0
450;0
451;0
452;0
453;0
454;0
455;0
456;0
457;0
458;0
459;0
460;0
461;0
462;0
463;0
464;0
465;0
466;0
467;0
468;0
469;0
470;0
471;0
472;0
473;0
474;0
475;0
476;0
477;0
478;0
479;0
480;0
481;0
482;0
483;0
484;0
485;0
486;0
487;0
488;0
489;0
490;0
491;0
492;0
493;0
494;0
495;0
496;0
497;0
498;0
499;0
500;0
501;0
502;0
503;0
504;0
505;0
506;0
507;0
508;0
509;0
510;0
511;0
512;0
513;0
514;0
515;0
516;0
517;0
518;0
519;0
520;0
521;0
522;0
523;0
524;0
525;0
526;0
527;0
528;0
529;0
530;0
531;0
532;0
533;0
534;0
535;0
536;0
537;0
538;0
539;0
540;0
541;0
542;0
543;0
544;0
545;0
546;0
547;0
548;0
549;0
550;0
551;0
552;0
553;0
554;0
555;0
556;0
557;0
558;0
559;0
560;0
561;0
562;0
563;0
564;0
565;0
566;0
567;0
568;0
569;0
570;0
571;0
572;0
573;0
574;0
575;0
576;0
577;0
578;0
579;0
580;0
581;0
582;0
583;0
584;0
585;0
586;0
587;0
588;0
589;0
590;0
591;0
592;0
593;0
594;0
595;0
596;0
597;0
598;0
599;0
600;0
601;0
602;0
603;0
604;0
605;0
606;0
607;0
608;0
609;0
610;0
611;0
612;0
613;0
614;0
615;0
616;0
617;0
618;0
619;0
620;0
621;0
622;0
623;0
624;0
625;0
626;0
627;0
628;0
629;0
630;0
631;0
632;0
633;0
634;0
635;0
636;0
637;0
638;0
639;0
640;0
641;0
642;0
643;0
644;0
645;0
646;0
647;0
648;0
649;0
650;0
651;0
652;0
653;0
654;0
655;0
656;0
657;0
658;0
659;0
660;0
661;0
662;0
663;0
664;0
665;0
666;0
667;0
668;0
669;0
670;0
671;0
672;0
673;0
674;0
675;0
676;0
677;0
678;0
679;0
680;0
681;0
682;0
683;0
684;0
685;0
686;0
687;0
688;0
689;0
690;0
691;0
692;0
693;0
694;0
695;0
696;0
697;0
698;0
699;0
700;0
701;0
702;0
703;0
704;0
705;0
706;0
707;0
708;0
709;0
710;0
711;0
712;0
713;0
714;0
715;0
716;0
717;0
718;0
719;0
720;0
721;0
722;0
723;0
724;0
725;0
726;0
727;0
728;0
729;0
730;0
731;0
732;0
733;0
734;0
735;0
736;0
737;0
738;0
739;0
740;0
741;0
742;0
743;0
744;0
745;0
746;0
747;0
748;0
749;0
750;0
751;0
752;0
753;0
754;0
755;0
756;0
757;0
758;0
759;0
760;0
761;0
762;0
763;0
764;0
765;0
766;0
767;0
768;0
769;0
770;0
771;0
772;0
773;0
774;0
775;0
776;0
777;0
778;0
779;0
780;0
781;0
782;0
783;0
784;0
785;0
786;0
787;0
788;0
789;0
790;0
791;0
792;0
793;0
794;0
795;0
796;0
797;0
798;0
799;0
800;0
801;0
802;0
803;0
804;0
805;0
806;0
807;0
808;0
809;0
810;0
811;0
812;0
813;0
814;0
815;0
816;0
817;0
818;0
819;0
820;0
821;0
822;0
823;0
824;0
825;0
826;0
827;0
828;0
829;0
830;0
831;0
832;0
833;0
834;0
835;0
836;0
837;0
838;0
839;0
840;0
841;0
842;0
843;0
844;0
845;0
846;0
847;0
848;0
849;0
850;0
851;0
852;0
853;0
854;0
855;0
856;0
857;0
858;0
859;0
860;0
861;0
862;0
863;0
864;0
865;0
866;0
867;0
868;0
869;0
870;0
871;0
872;0
873;0
874;0
875;0
876;0
877;0
878;0
879;0
880;0
881;0
882;0
883;0
884;0
885;0
886;0
887;0
888;0
889;0
890;0
891;0
892;0
893;0
894;0
895;0
896;0
897;0
898;0
899;0
900;0
901;0
902;0
903;0
904;0
905;0
906;0
907;0
908;0
909;0
910;0
911;0
912;0
913;0
914;0
915;0
916;0
917;0
918;0
919;0
920;0
921;0
922;0
923;0
924;0
925;0
926;0
927;0
928;0
929;0
930;0
931;0
932;0
933;0
934;0
935;0
936;0
937;0
938;0
939;0
940;0
941;0
942;0
943;0
944;0
945;0
946;0
947;0
948;0
949;0
950;0
951;0
952;0
953;0
954;0
955;0
956;0
957;0
958;0
959;0
960;0
961;0
962;0
963;0
964;0
965;0
966;0
967;0
968;0
969;0
970;0
971;0
972;0
973;0
974;0
975;0
976;0
977;0
978;0
979;0
980;0
981;0
982;0
983;0
984;0
985;0
986;0
987;0
988;0
989;0
990;0
991;0
992;0
993;0
994;0
995;0
996;0
997;0
998;0
999;0
1000;0
1001;0
1002;0
1003;0
1004;0
1005;0
1006;0
1007;0
1008;0
1009;0
1010;0
1011;0
1012;0
1013;0
1014;0
1015;0
1016;0
1017;0
1018;0
1019;0
1020;0
1021;0
1022;0
1023;0
0;1
1023;1
0;2
1023;2
0;3
1023;3
0;4
1023;4
0;5
1023;5
0;6
1023;6
0;7
1023;7
0;8
1023;8
0;9
1023;9
0;10
1023;10
0;11
1023;11
0;12
1023;12
0;13
1023;13
0;14
1023;14
0;15
1023;15
0;16
1023;16
0;17
1023;17
0;18
1023;18
0;19
1023;19
0;20
1023;20
0;21
1023;21
0;22
1023;22
0;23
1023;23
0;24
1023;24
0;25
1023;25
0;26
1023;26
0;27
1023;27
0;28
1023;28
0;29
1023;29
0;30
1023;30
0;31
1023;31
0;32
1023;32
0;33
1023;33
0;34
1023;34
0;35
1023;35
0;36
1023;36
0;37
1023;37
0;38
1023;38
0;39
1023;39
0;40
1023;40
0;41
1023;41
0;42
1023;42
0;43
1023;43
0;44
1023;44
0;45
1023;45
0;46
1023;46
0;47
1023;47
0;48
1023;48
0;49
1023;49
0;50
1023;50
0;51
1023;51
0;52
1023;52
0;53
1023;53
0;54
1023;54
0;55
1023;55
0;56
1023;56
0;57
1023;57
0;58
1023;58
0;59
1023;59
0;60
1023;60
0;61
1023;61
0;62
1023;62
0;63
1023;63
0;64
1023;64
0;65
1023;65
0;66
1023;66
0;67
1023;67
0;68
1023;68
0;69
1023;69
0;70
1023;70
0;71
1023;71
0;72
1023;72
0;73
1023;73
0;74
1023;74
0;75
1023;75
0;76
1023;76
0;77
1023;77
0;78
1023;78
0;79
1023;79
0;80
1023;80
0;81
1023;81
0;82
1023;82
0;83
1023;83
0;84
1023;84
0;85
1023;85
0;86
1023;86
0;87
1023;87
0;88
1023;88
0;89
1023;89
0;90
1023;90
0;91
1023;91
0;92
1023;92
0;93
1023;93
0;94
1023;94
0;95
1023;95
0;96
1023;96
0;97
1023;97
0;98
1023;98
0;99
1023;99
0;100
1023;100
0;101
1023;101
0;102
1023;102
0;103
1023;103
0;104
1023;104
0;105
1023;105
0;106
1023;106
0;107
1023;107
0;108
1023;108
0;109
1023;109
0;110
1023;110
0;111
1023;111
0;112
1023;112
0;113
1023;113
0;114
1023;114
0;115
1023;115
0;116
1023;116
0;117
1023;117
0;118
1023;118
0;119
1023;119
0;120
1023;120
0;121
1023;121
0;122
1023;122
0;123
1023;123
0;124
1023;124
0;125
1023;125
0;126
1023;126
0;127
1023;127
0;128
1023;128
0;129
1023;129
0;130
1023;130
0;131
1023;131
0;132
1023;132
0;133
1023;133
0;134
1023;134
0;135
1023;135
0;136
1023;136
0;137
1023;137
0;138
1023;138
0;139
1023;139
0;140
1023;140
0;141
1023;141
0;142
1023;142
0;143
1023;143
0;144
1023;144
0;145
1023;145
0;146
1023;146
0;147
1023;147
0;148
1023;148
0;149
1023;149
0;150
1023;150
0;151
1023;151
0;152
1023;152
0;153
1023;153
0;154
1023;154
0;155
1023;155
0;156
1023;156
0;157
1023;157
0;158
1023;158
0;159
1023;159
0;160
1023;160
0;161
1023;161
0;162
1023;162
0;163
1023;163
0;164
1023;164
0;165
1023;165
0;166
1023;166
0;167
1023;167
0;168
1023;168
0;169
1023;169
0;170
1023;170
0;171
1023;171
0;172
1023;172
0;173
1023;173
0;174
1023;174
0;175
1023;175
0;176
1023;176
0;177
1023;177
0;178
1023;178
0;179
1023;179
0;180
1023;180
0;181
1023;181
0;182
1023;182
0;183
1023;183
0;184
1023;184
0;185
1023;185
0;186
1023;186
0;187
1023;187
0;188
1023;188
0;189
1023;189
0;190
1023;190
0;191
1023;191
0;192
1023;192
0;193
1023;193
0;194
1023;194
0;195
1023;195
0;196
1023;196
0;197
1023;197
0;198
1023;198
0;199
1023;199
0;200
1023;200
0;201
1023;201
0;202
1023;202
0;203
1023;203
0;204
1023;204
0;205
1023;205
0;206
1023;206
0;207
1023;207
0;208
1023;208
0;209
1023;209
0;210
1023;210
0;211
1023;211
0;212
1023;212
0;213
1023;213
0;214
1023;214
0;215
1023;215
0;216
1023;216
0;217
1023;217
0;218
1023;218
0;219
1023;219
0;220
1023;220
0;221
1023;221
0;222
1023;222
0;223
1023;223
0;224
1023;224
0;225
1023;225
0;226
1023;226
0;227
1023;227
0;228
1023;228
0;229
1023;229
0;230
1023;230
0;231
1023;231
0;232
1023;232
0;233
1023;233
0;234
1023;234
0;235
1023;235
0;236
1023;236
0;237
1023;237
0;238
1023;238
0;239
1023;239
0;240
1023;240
0;241
1023;241
0;242
1023;242
0;243
1023;243
0;244
1023;244
0;245
1023;245
0;246
1023;246
0;247
1023;247
0;248
1023;248
0;249
1023;249
0;250
1023;250
0;251
1023;251
0;252
1023;252
0;253
1023;253
0;254
1023;254
0;255
1023;255
0;256
1023;256
0;257
1023;257
0;258
1023;258
0;259
1023;259
0;260
1023;260
0;261
1023;261
0;262
1023;262
0;263
1023;263
0;264
1023;264
0;265
1023;265
0;266
1023;266
0;267
1023;267
0;268
1023;268
0;269
1023;269
0;270
1023;270
0;271
1023;271
0;272
1023;272
0;273
1023;273
0;274
1023;274
0;275
1023;275
0;276
1023;276
0;277
1023;277
0;278
1023;278
0;279
1023;279
0;280
1023;280
0;281
1023;281
0;282
1023;282
0;283
1023;283
0;284
1023;284
0;285
1023;285
0;286
1023;286
0;287
1023;287
0;288
1023;288
0;289
1023;289
0;290
1023;290
0;291
1023;291
0;292
1023;292
0;293
1023;293
0;294
1023;294
0;295
1023;295
0;296
1023;296
0;297
1023;297
0;298
1023;298
0;299
1023;299
0;300
1023;300
0;301
1023;301
0;302
1023;302
0;303
1023;303
0;304
1023;304
0;305
1023;305
0;306
1023;306
0;307
1023;307
0;308
1023;308
0;309
1023;309
0;310
1023;310
0;311
1023;311
0;312
1023;312
0;313
1023;313
0;314
1023;314
0;315
1023;315
0;316
1023;316
0;317
1023;317
0;318
1023;318
0;319
1023;319
0;320
1023;320
0;321
1023;321
0;322
1023;322
0;323
1023;323
0;324
1023;324
0;325
1023;325
0;326
1023;326
0;327
1023;327
0;328
1023;328
0;329
1023;329
0;330
1023;330
0;331
1023;331
0;332
1023;332
0;333
1023;333
0;334
1023;334
0;335
1023;335
0;336
1023;336
0;337
1023;337
0;338
1023;338
0;339
1023;339
0;340
1023;340
0;341
1023;341
0;342
1023;342
0;343
1023;343
0;344
1023;344
0;345
1023;345
0;346
1023;346
0;347
1023;347
0;348
1023;348
0;349
1023;349
0;350
1023;350
0;351
1023;351
0;352
1023;352
0;353
1023;353
0;354
1023;354
0;355
1023;355
0;356
1023;356
0;357
1023;357
0;358
1023;358
0;359
1023;359
0;360
1023;360
0;361
1023;361
0;362
1023;362
0;363
1023;363
0;364
1023;364
0;365
1023;365
0;366
1023;366
0;367
1023;367
0;368
1023;368
0;369
1023;369
0;370
1023;370
0;371
1023;371
0;372
1023;372
0;373
1023;373
0;374
1023;374
0;375
1023;375
0;376
1023;376
0;377
1023;377
0;378
1023;378
0;379
1023;379
0;380
1023;380
0;381
1023;381
0;382
1023;382
0;383
1023;383
0;384
1023;384
0;385
1023;385
0;386
1023;386
0;387
1023;387
0;388
1023;388
0;389
1023;389
0;390
1023;390
0;391
1023;391
0;392
1023;392
0;393
1023;393
0;394
1023;394
0;395
1023;395
0;396
1023;396
0;397
1023;397
0;398
1023;398
0;399
1023;399
0;400
1023;400
0;401
1023;401
0;402
1023;402
0;403
1023;403
0;404
1023;404
0;405
1023;405
0;406
1023;406
0;407
1023;407
0;408
1023;408
0;409
1023;409
0;410
1023;410
0;411
1023;411
0;412
1023;412
0;413
1023;413
0;414
1023;414
0;415
1023;415
0;416
1023;416
0;417
1023;417
0;418
1023;418
0;419
1023;419
0;420
1023;420
0;421
1023;421
0;422
1023;422
0;423
1023;423
0;424
1023;424
0;425
1023;425
0;426
1023;426
0;427
1023;427
0;428
1023;428
0;429
1023;429
0;430
1023;430
0;431
1023;431
0;432
1023;432
0;433
1023;433
0;434
1023;434
0;435
1023;435
0;436
1023;436
0;437
1023;437
0;438
1023;438
0;439
1023;439
0;440
1023;440
0;441
1023;441
0;442
1023;442
0;443
1023;443
0;444
1023;444
0;445
1023;445
0;446
1023;446
0;447
1023;447
0;448
1023;448
0;449
1023;449
0;450
1023;450
0;451
1023;451
0;452
1023;452
0;453
1023;453
0;454
1023;454
0;455
1023;455
0;456
1023;456
0;457
1023;457
0;458
1023;458
0;459
1023;459
0;460
1023;460
0;461
1023;461
0;462
1023;462
0;463
1023;463
0;464
1023;464
0;465
1023;465
0;466
1023;466
0;467
1023;467
0;468
1023;468
0;469
1023;469
0;470
1023;470
0;471
1023;471
0;472
1023;472
0;473
1023;473
0;474
1023;474
0;475
1023;475
0;476
1023;476
0;477
1023;477
0;478
1023;478
0;479
1023;479
0;480
1023;480
0;481
1023;481
0;482
1023;482
0;483
1023;483
0;484
1023;484
0;485
1023;485
0;486
1023;486
0;487
1023;487
0;488
1023;488
0;489
1023;489
0;490
1023;490
0;491
1023;491
0;492
1023;492
0;493
1023;493
0;494
1023;494
0;495
1023;495
0;496
1023;496
0;497
1023;497
0;498
1023;498
0;499
1023;499
0;500
1023;500
0;501
1023;501
0;502
1023;502
0;503
1023;503
0;504
1023;504
0;505
1023;505
0;506
1023;506
0;507
1023;507
0;508
1023;508
0;509
1023;509
0;510
1023;510
0;511
1023;511
0;512
1023;512
0;513
1023;513
0;514
1023;514
0;515
1023;515
0;516
1023;516
0;517
1023;517
0;518
1023;518
0;519
1023;519
0;520
1023;520
0;521
1023;521
0;522
1023;522
0;523
1023;523
0;524
1023;524
0;525
1023;525
0;526
1023;526
0;527
1023;527
0;528
1023;528
0;529
1023;529
0;530
1023;530
0;531
1023;531
0;532
1023;532
0;533
1023;533
0;534
1023;534
0;535
1023;535
0;536
1023;536
0;537
1023;537
0;538
1023;538
0;539
1023;539
0;540
1023;540
0;541
1023;541
0;542
1023;542
0;543
1023;543
0;544
1023;544
0;545
1023;545
0;546
1023;546
0;547
1023;547
0;548
1023;548
0;549
1023;549
0;550
1023;550
0;551
1023;551
0;552
1023;552
0;553
1023;553
0;554
1023;554
0;555
1023;555
0;556
1023;556
0;557
1023;557
0;558
1023;558
0;559
1023;559
0;560
1023;560
0;561
1023;561
0;562
1023;562
0;563
1023;563
0;564
1023;564
0;565
1023;565
0;566
1023;566
0;567
1023;567
0;568
1023;568
0;569
1023;569
0;570
1023;570
0;571
1023;571
0;572
1023;572
0;573
1023;573
0;574
1023;574
0;575
1023;575
0;576
1023;576
0;577
1023;577
0;578
1023;578
0;579
1023;579
0;580
1023;580
0;581
1023;581
0;582
1023;582
0;583
1023;583
0;584
1023;584
0;585
1023;585
0;586
1023;586
0;587
1023;587
0;588
1023;588
0;589
1023;589
0;590
1023;590
0;591
1023;591
0;592
1023;592
0;593
1023;593
0;594
1023;594
0;595
1023;595
0;596
1023;596
0;597
1023;597
0;598
1023;598
0;599
1023;599
0;600
1023;600
0;601
1023;601
0;602
1023;602
0;603
1023;603
0;604
1023;604
0;605
1023;605
0;606
1023;606
0;607
1023;607
0;608
1023;608
0;609
1023;609
0;610
1023;610
0;611
1023;611
0;612
1023;612
0;613
1023;613
0;614
1023;614
0;615
1023;615
0;616
1023;616
0;617
1023;617
0;618
1023;618
0;619
1023;619
0;620
1023;620
0;621
1023;621
0;622
1023;622
0;623
1023;623
0;624
1023;624
0;625
1023;625
0;626
1023;626
0;627
1023;627
0;628
1023;628
0;629
1023;629
0;630
1023;630
0;631
1023;631
0;632
1023;632
0;633
1023;633
0;634
1023;634
0;635
1023;635
0;636
1023;636
0;637
1023;637
0;638
1023;638
0;639
1023;639
0;640
1023;640
0;641
1023;641
0;642
1023;642
0;643
1023;643
0;644
1023;644
0;645
1023;645
0;646
1023;646
0;647
1023;647
0;648
1023;648
0;649
1023;649
0;650
1023;650
0;651
1023;651
0;652
1023;652
0;653
1023;653
0;654
1023;654
0;655
1023;655
0;656
1023;656
0;657
1023;657
0;658
1023;658
0;659
1023;659
0;660
1023;660
0;661
1023;661
0;662
1023;662
0;663
1023;663
0;664
1023;664
0;665
1023;665
0;666
1023;666
0;667
1023;667
0;668
1023;668
0;669
1023;669
0;670
1023;670
0;671
1023;671
0;672
1023;672
0;673
1023;673
0;674
1023;674
0;675
1023;675
0;676
1023;676
0;677
1023;677
0;678
1023;678
0;679
1023;679
0;680
1023;680
0;681
1023;681
0;682
1023;682
0;683
1023;683
0;684
1023;684
0;685
1023;685
0;686
1023;686
0;687
1023;687
0;688
1023;688
0;689
1023;689
0;690
1023;690
0;691
1023;691
0;692
1023;692
0;693
1023;693
0;694
1023;694
0;695
1023;695
0;696
1023;696
0;697
1023;697
0;698
1023;698
0;699
1023;699
0;700
1023;700
0;701
1023;701
0;702
1023;702
0;703
1023;703
0;704
1023;704
0;705
1023;705
0;706
1023;706
0;707
1023;707
0;708
1023;708
0;709
1023;709
0;710
1023;710
0;711
1023;711
0;712
1023;712
0;713
1023;713
0;714
1023;714
0;715
1023;715
0;716
1023;716
0;717
1023;717
0;718
1023;718
0;719
1023;719
0;720
1023;720
0;721
1023;721
0;722
1023;722
0;723
1023;723
0;724
1023;724
0;725
1023;725
0;726
1023;726
0;727
1023;727
0;728
1023;728
0;729
1023;729
0;730
1023;730
0;731
1023;731
0;732
1023;732
0;733
1023;733
0;734
1023;734
0;735
1023;735
0;736
1023;736
0;737
1023;737
0;738
1023;738
0;739
1023;739
0;740
1023;740
0;741
1023;741
0;742
1023;742
0;743
1023;743
0;744
1023;744
0;745
1023;745
0;746
1023;746
0;747
1023;747
0;748
1023;748
0;749
1023;749
0;750
1023;750
0;751
1023;751
0;752
1023;752
0;753
1023;753
0;754
1023;754
0;755
1023;755
0;756
1023;756
0;757
1023;757
0;758
1023;758
0;759
1023;759
0;760
1023;760
0;761
1023;761
0;762
1023;762
0;763
1023;763
0;764
1023;764
0;765
1;765
2;765
3;765
4;765
5;765
6;765
7;765
8;765
9;765
10;765
11;765
12;765
13;765
14;765
15;765
16;765
17;765
18;765
19;765
20;765
21;765
22;765
23;765
24;765
25;765
26;765
27;765
28;765
29;765
30;765
31;765
32;765
33;765
34;765
35;765
36;765
37;765
38;765
39;765
40;765
41;765
42;765
43;765
44;765
45;765
46;765
47;765
48;765
49;765
50;765
51;765
52;765
53;765
54;765
55;765
56;765
57;765
58;765
59;765
60;765
61;765
62;765
63;765
64;765
65;765
66;765
67;765
68;765
69;765
70;765
71;765
72;765
73;765
74;765
75;765
76;765
77;765
78;765
79;765
80;765
81;765
82;765
83;765
84;765
85;765
86;765
87;765
88;765
89;765
90;765
91;765
92;765
93;765
94;765
95;765
96;765
97;765
98;765
99;765
100;765
101;765
102;765
103;765
104;765
105;765
106;765
107;765
108;765
109;765
110;765
111;765
112;765
113;765
114;765
115;765
116;765
117;765
118;765
119;765
120;765
121;765
122;765
123;765
124;765
125;765
126;765
127;765
128;765
129;765
130;765
131;765
132;765
133;765
134;765
135;765
136;765
137;765
138;765
139;765
140;765
141;765
142;765
143;765
144;765
145;765
146;765
147;765
148;765
149;765
150;765
151;765
152;765
153;765
154;765
155;765
156;765
157;765
158;765
159;765
160;765
161;765
162;765
163;765
164;765
165;765
166;765
167;765
168;765
169;765
170;765
171;765
172;765
173;765
174;765
175;765
176;765
177;765
178;765
179;765
180;765
181;765
182;765
183;765
184;765
185;765
186;765
187;765
188;765
189;765
190;765
191;765
192;765
193;765
194;765
195;765
196;765
197;765
198;765
199;765
200;765
201;765
202;765
203;765
204;765
205;765
206;765
207;765
208;765
209;765
210;765
211;765
212;765
213;765
214;765
215;765
216;765
217;765
218;765
219;765
220;765
221;765
222;765
223;765
224;765
225;765
226;765
227;765
228;765
229;765
230;765
231;765
232;765
233;765
234;765
235;765
236;765
237;765
238;765
239;765
240;765
241;765
242;765
243;765
244;765
245;765
246;765
247;765
248;765
249;765
250;765
251;765
252;765
253;765
254;765
255;765
256;765
257;765
258;765
259;765
260;765
261;765
262;765
263;765
264;765
265;765
266;765
267;765
268;765
269;765
270;765
271;765
272;765
273;765
274;765
275;765
276;765
277;765
278;765
279;765
280;765
281;765
282;765
283;765
284;765
285;765
286;765
287;765
288;765
289;765
290;765
291;765
292;765
293;765
294;765
295;765
296;765
297;765
298;765
299;765
300;765
301;765
302;765
303;765
304;765
305;765
306;765
307;765
308;765
309;765
310;765
311;765
312;765
313;765
314;765
315;765
316;765
317;765
318;765
319;765
320;765
321;765
322;765
323;765
324;765
325;765
326;765
327;765
328;765
329;765
330;765
331;765
332;765
333;765
334;765
335;765
336;765
337;765
338;765
339;765
340;765
341;765
342;765
343;765
344;765
345;765
346;765
347;765
348;765
349;765
350;765
351;765
352;765
353;765
354;765
355;765
356;765
357;765
358;765
359;765
360;765
361;765
362;765
363;765
364;765
365;765
366;765
367;765
368;765
369;765
370;765
371;765
372;765
373;765
374;765
375;765
376;765
377;765
378;765
379;765
380;765
381;765
382;765
383;765
384;765
385;765
386;765
387;765
388;765
389;765
390;765
391;765
392;765
393;765
394;765
395;765
396;765
397;765
398;765
399;765
400;765
401;765
402;765
403;765
404;765
405;765
406;765
407;765
408;765
409;765
410;765
411;765
412;765
413;765
414;765
415;765
416;765
417;765
418;765
419;765
420;765
421;765
422;765
423;765
424;765
425;765
426;765
427;765
428;765
429;765
430;765
431;765
432;765
433;765
434;765
435;765
436;765
437;765
438;765
439;765
440;765
441;765
442;765
443;765
444;765
445;765
446;765
447;765
448;765
449;765
450;765
451;765
452;765
453;765
454;765
455;765
456;765
457;765
458;765
459;765
460;765
461;765
462;765
463;765
464;765
465;765
466;765
467;765
468;765
469;765
470;765
471;765
472;765
473;765
474;765
475;765
476;765
477;765
478;765
479;765
480;765
481;765
482;765
483;765
484;765
485;765
486;765
487;765
488;765
489;765
490;765
491;765
492;765
493;765
494;765
495;765
496;765
497;765
498;765
499;765
500;765
501;765
502;765
503;765
504;765
505;765
506;765
507;765
508;765
509;765
510;765
511;765
512;765
513;765
514;765
515;765
516;765
517;765
518;765
519;765
520;765
521;765
522;765
523;765
524;765
525;765
526;765
527;765
528;765
529;765
530;765
531;765
532;765
533;765
534;765
535;765
536;765
537;765
538;765
539;765
540;765
541;765
542;765
543;765
544;765
545;765
546;765
547;765
548;765
549;765
550;765
551;765
552;765
553;765
554;765
555;765
556;765
557;765
558;765
559;765
560;765
561;765
562;765
563;765
564;765
565;765
566;765
567;765
568;765
569;765
570;765
571;765
572;765
573;765
574;765
575;765
576;765
577;765
578;765
579;765
580;765
581;765
582;765
583;765
584;765
585;765
586;765
587;765
588;765
589;765
590;765
591;765
592;765
593;765
594;765
595;765
596;765
597;765
598;765
599;765
600;765
601;765
602;765
603;765
604;765
605;765
606;765
607;765
608;765
609;765
610;765
611;765
612;765
613;765
614;765
615;765
616;765
617;765
618;765
619;765
620;765
621;765
622;765
623;765
624;765
625;765
626;765
627;765
628;765
629;765
630;765
631;765
632;765
633;765
634;765
635;765
636;765
637;765
638;765
639;765
640;765
641;765
642;765
643;765
644;765
645;765
646;765
647;765
648;765
649;765
650;765
651;765
652;765
653;765
654;765
655;765
656;765
657;765
658;765
659;765
660;765
661;765
662;765
663;765
664;765
665;765
666;765
667;765
668;765
669;765
670;765
671;765
672;765
673;765
674;765
675;765
676;765
677;765
678;765
679;765
680;765
681;765
682;765
683;765
684;765
685;765
686;765
687;765
688;765
689;765
690;765
691;765
692;765
693;765
694;765
695;765
696;765
697;765
698;765
699;765
700;765
701;765
702;765
703;765
704;765
705;765
706;765
707;765
708;765
709;765
710;765
711;765
712;765
713;765
714;765
715;765
716;765
717;765
718;765
719;765
720;765
721;765
722;765
723;765
724;765
725;765
726;765
727;765
728;765
729;765
730;765
731;765
732;765
733;765
734;765
735;765
736;765
737;765
738;765
739;765
740;765
741;765
742;765
743;765
744;765
745;765
746;765
747;765
748;765
749;765
750;765
751;765
752;765
753;765
754;765
755;765
756;765
757;765
758;765
759;765
760;765
761;765
762;765
763;765
764;765
765;765
766;765
767;765
768;765
769;765
770;765
771;765
772;765
773;765
774;765
775;765
776;765
777;765
778;765
779;765
780;765
781;765
782;765
783;765
784;765
785;765
786;765
787;765
788;765
789;765
790;765
791;765
792;765
793;765
794;765
795;765
796;765
797;765
798;765
799;765
800;765
801;765
802;765
803;765
804;765
805;765
806;765
807;765
808;765
809;765
810;765
811;765
812;765
813;765
814;765
815;765
816;765
817;765
818;765
819;765
820;765
821;765
822;765
823;765
824;765
825;765
826;765
827;765
828;765
829;765
830;765
831;765
832;765
833;765
834;765
835;765
836;765
837;765
838;765
839;765
840;765
841;765
842;765
843;765
844;765
845;765
846;765
847;765
848;765
849;765
850;765
851;765
852;765
853;765
854;765
855;765
856;765
857;765
858;765
859;765
860;765
861;765
862;765
863;765
864;765
865;765
866;765
867;765
868;765
869;765
870;765
871;765
872;765
873;765
874;765
875;765
876;765
877;765
878;765
879;765
880;765
881;765
882;765
883;765
884;765
885;765
886;765
887;765
888;765
889;765
890;765
891;765
892;765
893;765
894;765
895;765
896;765
897;765
898;765
899;765
900;765
901;765
902;765
903;765
904;765
905;765
906;765
907;765
908;765
909;765
910;765
911;765
912;765
913;765
914;765
915;765
916;765
917;765
918;765
919;765
920;765
921;765
922;765
923;765
924;765
925;765
926;765
927;765
928;765
929;765
930;765
931;765
932;765
933;765
934;765
935;765
936;765
937;765
938;765
939;765
940;765
941;765
942;765
943;765
944;765
945;765
946;765
947;765
948;765
949;765
950;765
951;765
952;765
953;765
954;765
955;765
956;765
957;765
958;765
959;765
960;765
961;765
962;765
963;765
964;765
965;765
966;765
967;765
968;765
969;765
970;765
971;765
972;765
973;765
974;765
975;765
976;765
977;765
978;765
979;765
980;765
981;765
982;765
983;765
984;765
985;765
986;765
987;765
988;765
989;765
990;765
991;765
992;765
993;765
994;765
995;765
996;765
997;765
998;765
999;765
1000;765
1001;765
1002;765
1003;765
1004;765
1005;765
1006;765
1007;765
1008;765
1009;765
1010;765
1011;765
1012;765
1013;765
1014;765
1015;765
1016;765
1017;765
1018;765
1019;765
1020;765
1021;765
1022;765
1023;765
180