269
35
861;760
862;760
863;760
860;761
861;761
862;761
863;761
864;761
865;761
861;762
862;762
863;762
864;762
865;762
866;762
861;763
862;763
863;763
864;763
865;763
866;763
861;764
862;764
863;764
864;764
865;764
866;764
867;764
861;765
862;765
863;765
864;765
865;765
866;765
867;765
2
245;759
246;759
2
248;758
249;758
5
471;751
472;751
469;752
470;752
471;752
64
339;747
340;747
338;748
339;748
340;748
341;748
342;748
343;748
339;749
340;749
341;749
342;749
343;749
344;749
345;749
340;750
341;750
342;750
343;750
344;750
345;750
346;750
340;751
341;751
342;751
343;751
344;751
345;751
346;751
347;751
340;752
341;752
342;752
343;752
344;752
345;752
346;752
347;752
348;752
342;753
343;753
344;753
345;753
346;753
347;753
348;753
349;753
343;754
344;754
345;754
346;754
347;754
348;754
349;754
350;754
345;755
346;755
347;755
348;755
349;755
350;755
346;756
347;756
348;756
1
931;743
52
556;743
557;743
558;743
554;744
555;744
556;744
557;744
558;744
559;744
553;745
554;745
555;745
556;745
557;745
558;745
553;746
554;746
555;746
556;746
557;746
558;746
552;747
553;747
554;747
555;747
556;747
557;747
558;747
552;748
553;748
554;748
555;748
556;748
557;748
558;748
552;749
553;749
554;749
555;749
556;749
557;749
558;749
552;750
553;750
554;750
555;750
556;750
557;750
553;751
554;751
555;751
556;751
9
547;729
546;730
547;730
548;730
549;730
546;731
547;731
548;731
549;731
25
441;726
441;727
442;727
442;728
443;728
443;729
444;729
445;729
446;729
447;729
448;729
444;730
445;730
446;730
447;730
448;730
449;730
445;731
446;731
447;731
448;731
449;731
450;731
447;732
448;732
30
566;723
567;723
568;723
564;724
565;724
566;724
567;724
559;725
560;725
561;725
562;725
563;725
564;725
565;725
566;725
556;726
557;726
558;726
559;726
560;726
561;726
562;726
563;726
564;726
556;727
557;727
558;727
559;727
560;727
561;727
1
665;719
18
192;718
193;718
192;719
193;719
192;720
193;720
193;721
194;721
194;722
195;722
196;722
195;723
196;723
197;723
195;724
196;724
197;724
196;725
9
798;717
799;717
800;717
799;718
800;718
801;718
801;719
802;719
803;719
24
642;710
643;710
641;711
642;711
643;711
644;711
640;712
641;712
642;712
643;712
644;712
639;713
640;713
641;713
642;713
638;714
639;714
640;714
641;714
638;715
639;715
640;715
638;716
639;716
6
298;706
297;707
298;707
299;707
296;708
297;708
59
677;702
678;702
676;703
677;703
678;703
675;704
676;704
677;704
678;704
679;704
674;705
675;705
676;705
677;705
678;705
679;705
680;705
673;706
674;706
675;706
676;706
677;706
678;706
679;706
680;706
681;706
673;707
674;707
675;707
676;707
677;707
678;707
679;707
680;707
681;707
682;707
673;708
674;708
675;708
676;708
677;708
678;708
679;708
680;708
681;708
674;709
675;709
676;709
677;709
678;709
679;709
680;709
675;710
676;710
677;710
678;710
679;710
677;711
678;711
50
462;697
463;697
464;697
458;698
459;698
460;698
461;698
462;698
463;698
464;698
457;699
458;699
459;699
460;699
461;699
462;699
463;699
464;699
456;700
457;700
458;700
459;700
460;700
461;700
462;700
463;700
464;700
454;701
455;701
456;701
457;701
458;701
459;701
460;701
461;701
462;701
463;701
464;701
452;702
453;702
454;702
455;702
456;702
457;702
458;702
459;702
452;703
453;703
454;703
455;703
1
273;692
18
729;689
730;689
731;689
732;689
733;689
730;690
731;690
732;690
733;690
731;691
732;691
733;691
732;692
733;692
732;693
733;693
732;694
733;694
4
405;686
406;686
407;686
407;687
16
266;686
267;686
268;686
267;687
268;687
269;687
270;687
268;688
269;688
270;688
270;689
271;689
270;690
271;690
271;691
272;691
1
265;685
34
229;672
230;672
230;673
231;673
232;673
233;673
234;673
235;673
230;674
231;674
232;674
233;674
234;674
235;674
236;674
231;675
232;675
233;675
234;675
235;675
236;675
232;676
233;676
234;676
235;676
236;676
234;677
235;677
236;677
235;678
236;678
237;678
236;679
237;679
1
228;671
1
927;669
1
928;668
32
600;666
601;666
598;667
599;667
600;667
601;667
602;667
603;667
598;668
599;668
600;668
601;668
602;668
603;668
598;669
599;669
600;669
601;669
602;669
603;669
599;670
600;670
601;670
602;670
600;671
601;671
602;671
600;672
601;672
602;672
601;673
602;673
23
577;661
577;662
578;662
577;663
578;663
579;663
577;664
578;664
577;665
578;665
576;666
577;666
574;667
575;667
576;667
573;668
574;668
575;668
576;668
574;669
575;669
576;669
575;670
6
174;661
175;661
176;661
177;661
174;662
175;662
20
143;657
144;657
141;658
142;658
143;658
144;658
145;658
140;659
141;659
142;659
143;659
144;659
145;659
140;660
141;660
142;660
143;660
144;660
141;661
142;661
1
318;656
7
647;653
648;653
647;654
648;654
649;654
648;655
649;655
1
303;649
33
619;648
618;649
619;649
620;649
619;650
620;650
621;650
622;650
623;650
619;651
620;651
621;651
622;651
623;651
624;651
625;651
626;651
622;652
623;652
624;652
625;652
626;652
627;652
623;653
624;653
625;653
626;653
627;653
628;653
625;654
626;654
627;654
628;654
1
441;645
61
472;644
473;644
474;644
475;644
472;645
473;645
474;645
475;645
476;645
477;645
472;646
473;646
474;646
475;646
476;646
477;646
478;646
479;646
472;647
473;647
474;647
475;647
476;647
477;647
478;647
479;647
473;648
474;648
475;648
476;648
477;648
478;648
479;648
480;648
481;648
473;649
474;649
475;649
476;649
477;649
478;649
479;649
480;649
481;649
474;650
475;650
476;650
477;650
478;650
479;650
480;650
481;650
475;651
476;651
477;651
478;651
479;651
480;651
478;652
479;652
479;653
17
304;643
305;643
304;644
305;644
306;644
304;645
305;645
306;645
304;646
305;646
306;646
307;646
304;647
305;647
306;647
304;648
305;648
36
398;642
392;643
393;643
394;643
395;643
396;643
397;643
398;643
399;643
394;644
395;644
396;644
397;644
398;644
399;644
395;645
396;645
397;645
398;645
399;645
395;646
396;646
397;646
398;646
399;646
396;647
397;647
398;647
399;647
397;648
398;648
397;649
398;649
397;650
398;650
398;651
3
389;641
389;642
390;642
27
957;638
958;638
959;638
960;638
957;639
958;639
959;639
960;639
956;640
957;640
958;640
959;640
960;640
961;640
957;641
958;641
959;641
960;641
961;641
962;641
963;641
957;642
958;642
959;642
960;642
961;642
962;642
16
901;638
898;639
899;639
900;639
901;639
902;639
898;640
899;640
900;640
901;640
902;640
898;641
899;641
900;641
901;641
902;641
2
192;638
193;638
50
462;633
463;633
462;634
463;634
464;634
462;635
463;635
464;635
462;636
463;636
456;637
457;637
458;637
459;637
460;637
461;637
462;637
463;637
456;638
457;638
458;638
459;638
460;638
461;638
462;638
456;639
457;639
458;639
459;639
460;639
461;639
456;640
457;640
458;640
459;640
460;640
456;641
457;641
458;641
459;641
460;641
456;642
457;642
458;642
459;642
456;643
457;643
458;643
457;644
457;645
69
484;629
485;629
486;629
481;630
482;630
483;630
484;630
485;630
486;630
487;630
481;631
482;631
483;631
484;631
485;631
486;631
487;631
481;632
482;632
483;632
484;632
485;632
486;632
487;632
488;632
481;633
482;633
483;633
484;633
485;633
486;633
487;633
488;633
489;633
482;634
483;634
484;634
485;634
486;634
487;634
488;634
489;634
490;634
483;635
484;635
485;635
486;635
487;635
488;635
489;635
490;635
484;636
485;636
486;636
487;636
488;636
489;636
490;636
485;637
486;637
487;637
488;637
489;637
490;637
486;638
487;638
488;638
489;638
488;639
5
594;624
595;624
596;624
593;625
594;625
1
291;623
1
385;620
6
853;619
854;619
855;619
854;620
855;620
855;621
7
904;617
903;618
904;618
905;618
904;619
905;619
904;620
20
1023;609
1023;610
1022;611
1023;611
1022;612
1023;612
1022;613
1023;613
1021;614
1022;614
1023;614
1021;615
1022;615
1023;615
1021;616
1022;616
1023;616
1022;617
1023;617
1023;618
1
902;607
1
693;607
105
591;599
587;600
588;600
589;600
590;600
591;600
592;600
585;601
586;601
587;601
588;601
589;601
590;601
591;601
592;601
593;601
584;602
585;602
586;602
587;602
588;602
589;602
590;602
591;602
592;602
593;602
594;602
583;603
584;603
585;603
586;603
587;603
588;603
589;603
590;603
591;603
592;603
593;603
594;603
595;603
583;604
584;604
585;604
586;604
587;604
588;604
589;604
590;604
591;604
592;604
593;604
594;604
595;604
583;605
584;605
585;605
586;605
587;605
588;605
589;605
590;605
591;605
592;605
593;605
594;605
595;605
585;606
586;606
587;606
588;606
589;606
590;606
591;606
592;606
593;606
594;606
595;606
586;607
587;607
588;607
589;607
590;607
591;607
592;607
593;607
594;607
587;608
588;608
589;608
590;608
591;608
592;608
593;608
594;608
588;609
589;609
590;609
591;609
592;609
593;609
594;609
590;610
591;610
592;610
593;610
24
400;598
400;599
401;599
399;600
400;600
401;600
402;600
399;601
400;601
401;601
402;601
398;602
399;602
400;602
401;602
402;602
403;602
398;603
399;603
400;603
401;603
402;603
403;603
399;604
26
568;597
569;597
570;597
567;598
568;598
569;598
570;598
571;598
566;599
567;599
568;599
569;599
570;599
571;599
572;599
567;600
568;600
569;600
570;600
571;600
572;600
568;601
569;601
570;601
571;601
570;602
31
913;593
912;594
913;594
914;594
915;594
916;594
912;595
913;595
914;595
915;595
916;595
912;596
913;596
914;596
915;596
916;596
917;596
912;597
913;597
914;597
915;597
916;597
917;597
918;597
919;597
912;598
913;598
914;598
915;598
916;598
913;599
14
545;593
546;593
546;594
547;594
546;595
547;595
548;595
547;596
548;596
547;597
548;597
549;597
548;598
549;598
22
179;593
180;593
181;593
182;593
183;593
179;594
180;594
181;594
182;594
183;594
179;595
180;595
181;595
182;595
183;595
180;596
181;596
182;596
183;596
181;597
182;597
183;597
11
53;592
52;593
53;593
49;594
50;594
51;594
52;594
53;594
50;595
51;595
52;595
17
795;590
796;590
794;591
795;591
796;591
797;591
793;592
794;592
795;592
796;592
797;592
798;592
794;593
795;593
796;593
797;593
798;593
1
539;590
12
224;589
225;589
223;590
224;590
222;591
223;591
224;591
220;592
221;592
222;592
223;592
224;592
1
226;588
14
866;583
865;584
866;584
867;584
862;585
863;585
864;585
865;585
866;585
867;585
868;585
866;586
867;586
868;586
27
960;581
961;581
959;582
960;582
961;582
962;582
958;583
959;583
960;583
961;583
962;583
957;584
958;584
959;584
960;584
961;584
962;584
957;585
958;585
959;585
960;585
961;585
962;585
958;586
959;586
960;586
961;586
14
235;579
236;579
237;579
235;580
236;580
237;580
236;581
237;581
236;582
237;582
236;583
237;583
236;584
237;584
87
510;573
511;573
512;573
513;573
514;573
508;574
509;574
510;574
511;574
512;574
513;574
514;574
515;574
507;575
508;575
509;575
510;575
511;575
512;575
513;575
514;575
515;575
516;575
517;575
501;576
502;576
503;576
504;576
505;576
506;576
507;576
508;576
509;576
510;576
511;576
512;576
513;576
514;576
515;576
516;576
517;576
495;577
496;577
497;577
498;577
499;577
500;577
501;577
502;577
503;577
504;577
505;577
506;577
507;577
508;577
509;577
510;577
511;577
512;577
513;577
514;577
515;577
516;577
517;577
496;578
497;578
498;578
499;578
500;578
508;578
509;578
510;578
511;578
512;578
513;578
514;578
515;578
516;578
517;578
497;579
498;579
499;579
500;579
510;579
511;579
512;579
499;580
3
536;566
537;566
537;567
3
399;566
400;566
401;566
2
534;565
535;565
5
452;564
452;565
451;566
452;566
453;566
1
427;559
1
148;559
2
425;558
426;558
5
421;556
422;556
423;556
423;557
424;557
1
175;556
1
174;555
1
957;549
1
771;549
9
128;549
129;549
130;549
131;549
130;550
131;550
132;550
130;551
131;551
4
628;548
629;548
628;549
629;549
27
755;542
755;543
756;543
755;544
756;544
757;544
758;544
755;545
756;545
757;545
758;545
759;545
755;546
756;546
757;546
758;546
759;546
755;547
756;547
757;547
758;547
759;547
760;547
755;548
756;548
755;549
756;549
35
110;540
111;540
112;540
106;541
107;541
108;541
109;541
110;541
111;541
112;541
113;541
114;541
115;541
105;542
106;542
107;542
108;542
109;542
110;542
111;542
105;543
106;543
107;543
108;543
109;543
110;543
105;544
106;544
107;544
108;544
109;544
106;545
107;545
108;545
109;545
7
661;523
660;524
661;524
660;525
659;526
660;526
660;527
27
716;522
713;523
714;523
715;523
716;523
717;523
714;524
715;524
716;524
717;524
718;524
714;525
715;525
716;525
717;525
718;525
719;525
714;526
715;526
716;526
717;526
718;526
719;526
714;527
715;527
716;527
717;527
2
867;521
868;521
1
16;520
24
1003;515
1002;516
1003;516
1004;516
1002;517
1003;517
1004;517
1005;517
1002;518
1003;518
1004;518
1005;518
1006;518
1002;519
1003;519
1004;519
1005;519
1006;519
1007;519
1003;520
1004;520
1005;520
1006;520
1005;521
3
761;513
762;513
762;514
1
760;512
1
275;510
12
817;504
818;504
817;505
818;505
819;505
817;506
818;506
819;506
820;506
819;507
820;507
820;508
2
696;504
696;505
37
752;499
753;499
752;500
753;500
753;501
754;501
753;502
754;502
755;502
753;503
754;503
755;503
753;504
754;504
755;504
753;505
754;505
755;505
753;506
754;506
755;506
753;507
754;507
755;507
753;508
754;508
755;508
756;508
753;509
754;509
755;509
756;509
757;509
755;510
756;510
757;510
758;510
43
617;497
617;498
617;499
618;499
619;499
620;499
621;499
622;499
623;499
617;500
618;500
619;500
620;500
621;500
622;500
623;500
624;500
618;501
619;501
620;501
621;501
622;501
623;501
624;501
619;502
620;502
621;502
622;502
623;502
624;502
620;503
621;503
622;503
623;503
624;503
621;504
622;504
623;504
624;504
623;505
624;505
624;506
625;506
2
451;493
452;493
5
700;492
698;493
699;493
700;493
700;494
1
450;492
5
611;485
612;485
611;486
612;486
612;487
6
744;481
744;482
745;482
744;483
745;483
745;484
58
465;473
463;474
464;474
465;474
466;474
462;475
463;475
464;475
465;475
466;475
467;475
468;475
462;476
463;476
464;476
465;476
466;476
467;476
468;476
461;477
462;477
463;477
464;477
465;477
466;477
467;477
468;477
469;477
461;478
462;478
463;478
464;478
465;478
466;478
467;478
468;478
469;478
463;479
464;479
465;479
466;479
467;479
468;479
469;479
470;479
465;480
466;480
467;480
468;480
469;480
470;480
466;481
467;481
468;481
469;481
470;481
469;482
470;482
2
853;472
854;472
10
302;469
303;469
304;469
305;469
302;470
303;470
304;470
305;470
304;471
305;471
15
1005;464
1003;465
1004;465
1005;465
1006;465
1003;466
1004;466
1005;466
1006;466
1004;467
1005;467
1006;467
1007;467
1006;468
1007;468
1
276;462
5
158;460
159;460
160;460
159;461
160;461
2
395;457
395;458
1
562;454
15
413;454
414;454
415;454
414;455
415;455
416;455
417;455
416;456
417;456
418;456
417;457
418;457
419;457
419;458
420;458
1
593;452
1
443;447
19
638;445
638;446
639;446
640;446
638;447
639;447
640;447
641;447
638;448
639;448
640;448
641;448
642;448
638;449
639;449
640;449
641;449
639;450
640;450
10
438;445
439;445
440;445
441;445
437;446
438;446
439;446
440;446
441;446
442;446
40
794;441
792;442
793;442
794;442
795;442
791;443
792;443
793;443
794;443
795;443
796;443
797;443
791;444
792;444
793;444
794;444
795;444
796;444
797;444
798;444
791;445
792;445
793;445
794;445
795;445
796;445
797;445
790;446
791;446
792;446
793;446
794;446
795;446
796;446
790;447
791;447
792;447
793;447
794;447
795;447
15
553;439
553;440
554;440
553;441
552;442
553;442
552;443
553;443
550;444
551;444
552;444
553;444
550;445
551;445
552;445
17
611;438
612;438
611;439
612;439
613;439
614;439
615;439
612;440
613;440
614;440
615;440
616;440
614;441
615;441
616;441
616;442
617;442
26
841;434
841;435
842;435
843;435
841;436
842;436
843;436
841;437
842;437
843;437
841;438
842;438
843;438
841;439
842;439
843;439
841;440
842;440
843;440
841;441
842;441
841;442
842;442
841;443
842;443
841;444
61
637;424
638;424
639;424
640;424
636;425
637;425
638;425
639;425
640;425
641;425
642;425
637;426
638;426
639;426
640;426
641;426
642;426
643;426
644;426
637;427
638;427
639;427
640;427
641;427
642;427
643;427
644;427
637;428
638;428
639;428
640;428
641;428
642;428
643;428
644;428
637;429
638;429
639;429
640;429
641;429
642;429
643;429
644;429
637;430
638;430
639;430
640;430
641;430
642;430
643;430
644;430
640;431
641;431
642;431
643;431
641;432
642;432
643;432
641;433
642;433
641;434
9
973;418
974;418
973;419
974;419
975;419
974;420
975;420
976;420
975;421
11
533;417
534;417
535;417
532;418
533;418
534;418
535;418
536;418
533;419
534;419
535;419
36
560;406
561;406
558;407
559;407
560;407
557;408
558;408
559;408
557;409
558;409
559;409
555;410
556;410
557;410
558;410
559;410
554;411
555;411
556;411
557;411
558;411
559;411
555;412
556;412
557;412
558;412
559;412
555;413
556;413
557;413
558;413
556;414
557;414
558;414
556;415
557;415
1
562;405
1
445;402
13
449;398
450;398
451;398
448;399
449;399
450;399
451;399
447;400
448;400
449;400
446;401
447;401
448;401
19
235;398
236;398
237;398
237;399
238;399
239;399
240;399
238;400
239;400
240;400
241;400
242;400
243;400
244;400
239;401
240;401
241;401
242;401
243;401
10
637;396
638;396
636;397
637;397
637;398
637;399
637;400
637;401
637;402
637;403
1
97;392
6
965;386
966;386
964;387
965;387
966;387
965;388
17
410;385
411;385
412;385
413;385
414;385
409;386
410;386
411;386
412;386
413;386
414;386
410;387
411;387
412;387
413;387
414;387
411;388
10
293;383
294;383
292;384
293;384
294;384
291;385
292;385
293;385
292;386
293;386
4
653;379
654;379
653;380
654;380
9
112;377
112;378
113;378
112;379
113;379
114;379
112;380
113;380
114;380
6
69;376
69;377
70;377
70;378
71;378
71;379
34
834;375
835;375
833;376
834;376
835;376
836;376
837;376
838;376
839;376
832;377
833;377
834;377
835;377
836;377
837;377
838;377
839;377
832;378
833;378
834;378
835;378
836;378
837;378
838;378
839;378
833;379
834;379
835;379
836;379
837;379
838;379
839;379
836;380
837;380
21
925;374
925;375
926;375
927;375
925;376
926;376
927;376
926;377
927;377
928;377
929;377
926;378
927;378
928;378
929;378
927;379
928;379
929;379
930;379
928;380
929;380
37
268;374
269;374
270;374
271;374
267;375
268;375
269;375
270;375
271;375
272;375
273;375
267;376
268;376
269;376
270;376
271;376
272;376
273;376
268;377
269;377
270;377
271;377
272;377
273;377
274;377
268;378
269;378
270;378
271;378
272;378
273;378
274;378
270;379
271;379
272;379
273;379
274;379
5
419;373
420;373
421;373
418;374
419;374
1
252;371
25
988;370
989;370
987;371
988;371
989;371
990;371
987;372
988;372
989;372
990;372
987;373
988;373
989;373
990;373
986;374
987;374
988;374
989;374
990;374
986;375
987;375
988;375
986;376
987;376
986;377
5
661;370
662;370
663;370
661;371
662;371
14
501;370
498;371
499;371
500;371
501;371
497;372
498;372
499;372
500;372
501;372
497;373
498;373
499;373
500;373
15
481;370
482;370
480;371
481;371
482;371
475;372
476;372
477;372
478;372
479;372
480;372
481;372
476;373
477;373
478;373
17
222;363
223;363
224;363
222;364
223;364
224;364
225;364
221;365
222;365
223;365
224;365
221;366
222;366
223;366
220;367
221;367
222;367
2
15;363
15;364
1
575;361
3
17;361
16;362
17;362
6
298;357
299;357
298;358
299;358
298;359
299;359
1
269;350
25
612;349
613;349
614;349
612;350
613;350
614;350
615;350
609;351
610;351
611;351
612;351
613;351
614;351
615;351
609;352
610;352
611;352
612;352
610;353
611;353
612;353
610;354
611;354
612;354
610;355
6
925;342
926;342
925;343
926;343
925;344
925;345
12
696;342
693;343
694;343
695;343
696;343
697;343
692;344
693;344
694;344
695;344
696;344
693;345
7
673;342
674;342
674;343
675;343
674;344
675;344
676;344
1
927;341
171
466;319
466;320
467;320
453;321
454;321
455;321
456;321
457;321
458;321
459;321
460;321
461;321
462;321
463;321
464;321
465;321
466;321
467;321
468;321
469;321
470;321
471;321
450;322
451;322
452;322
453;322
454;322
455;322
456;322
457;322
458;322
459;322
460;322
461;322
462;322
463;322
464;322
465;322
466;322
467;322
468;322
469;322
470;322
471;322
449;323
450;323
451;323
452;323
453;323
454;323
455;323
456;323
457;323
458;323
459;323
460;323
461;323
462;323
463;323
464;323
465;323
466;323
467;323
468;323
469;323
470;323
471;323
448;324
449;324
450;324
451;324
452;324
453;324
454;324
455;324
456;324
457;324
458;324
459;324
460;324
461;324
462;324
463;324
464;324
465;324
466;324
467;324
468;324
469;324
470;324
471;324
448;325
449;325
450;325
451;325
452;325
453;325
454;325
455;325
456;325
457;325
458;325
459;325
460;325
461;325
462;325
463;325
464;325
465;325
466;325
467;325
468;325
469;325
470;325
471;325
472;325
449;326
450;326
451;326
452;326
453;326
454;326
455;326
456;326
457;326
458;326
459;326
460;326
461;326
462;326
463;326
464;326
465;326
466;326
467;326
468;326
469;326
470;326
471;326
472;326
452;327
453;327
454;327
455;327
456;327
457;327
458;327
459;327
460;327
461;327
462;327
463;327
464;327
453;328
454;328
455;328
456;328
457;328
458;328
459;328
460;328
461;328
462;328
463;328
454;329
455;329
456;329
457;329
458;329
459;329
460;329
44
52;312
51;313
52;313
53;313
54;313
49;314
50;314
51;314
52;314
53;314
54;314
55;314
48;315
49;315
50;315
51;315
52;315
53;315
54;315
47;316
48;316
49;316
50;316
51;316
52;316
53;316
54;316
47;317
48;317
49;317
50;317
51;317
52;317
53;317
54;317
47;318
48;318
49;318
50;318
51;318
52;318
53;318
49;319
50;319
6
755;308
756;308
757;308
753;309
754;309
755;309
51
482;306
483;306
484;306
485;306
486;306
481;307
482;307
483;307
484;307
485;307
486;307
487;307
479;308
480;308
481;308
482;308
483;308
484;308
485;308
477;309
478;309
479;309
480;309
481;309
482;309
483;309
484;309
477;310
478;310
479;310
480;310
481;310
482;310
483;310
484;310
477;311
478;311
479;311
480;311
481;311
482;311
483;311
484;311
477;312
478;312
479;312
480;312
481;312
482;312
483;312
484;312
1
280;295
7
838;290
837;291
838;291
837;292
838;292
837;293
838;293
21
599;288
600;288
597;289
598;289
599;289
597;290
598;290
599;290
597;291
598;291
599;291
597;292
598;292
599;292
597;293
598;293
599;293
597;294
598;294
597;295
598;295
1
855;287
2
856;286
857;286
5
201;286
202;286
202;287
203;287
204;287
78
672;283
671;284
672;284
673;284
671;285
672;285
673;285
674;285
675;285
676;285
670;286
671;286
672;286
673;286
674;286
675;286
676;286
677;286
678;286
679;286
669;287
670;287
671;287
672;287
673;287
674;287
675;287
676;287
677;287
678;287
679;287
680;287
681;287
669;288
670;288
671;288
672;288
673;288
674;288
675;288
676;288
677;288
678;288
679;288
680;288
669;289
670;289
671;289
672;289
673;289
674;289
675;289
676;289
677;289
678;289
679;289
680;289
670;290
671;290
672;290
673;290
674;290
675;290
676;290
677;290
678;290
679;290
671;291
672;291
673;291
674;291
675;291
676;291
677;291
678;291
673;292
674;292
675;292
293
444;283
445;283
444;284
445;284
446;284
447;284
448;284
449;284
440;285
441;285
442;285
443;285
444;285
445;285
446;285
447;285
448;285
449;285
450;285
440;286
441;286
442;286
443;286
444;286
445;286
446;286
447;286
448;286
449;286
450;286
451;286
452;286
440;287
441;287
442;287
443;287
444;287
445;287
446;287
447;287
448;287
449;287
450;287
451;287
452;287
453;287
440;288
441;288
442;288
443;288
444;288
445;288
446;288
447;288
448;288
449;288
450;288
451;288
452;288
453;288
454;288
439;289
440;289
441;289
442;289
443;289
444;289
445;289
446;289
447;289
448;289
449;289
450;289
451;289
452;289
453;289
454;289
428;290
429;290
439;290
440;290
441;290
442;290
443;290
444;290
445;290
446;290
447;290
448;290
449;290
450;290
451;290
452;290
453;290
454;290
426;291
427;291
428;291
429;291
430;291
438;291
439;291
440;291
441;291
442;291
443;291
444;291
445;291
446;291
447;291
448;291
449;291
450;291
451;291
452;291
453;291
454;291
426;292
427;292
428;292
429;292
430;292
431;292
432;292
433;292
434;292
435;292
436;292
437;292
438;292
439;292
440;292
441;292
442;292
443;292
444;292
445;292
446;292
447;292
448;292
449;292
450;292
451;292
452;292
453;292
454;292
428;293
429;293
430;293
431;293
432;293
433;293
434;293
435;293
436;293
437;293
438;293
439;293
440;293
441;293
442;293
443;293
444;293
445;293
446;293
447;293
448;293
449;293
450;293
451;293
452;293
453;293
428;294
429;294
430;294
431;294
432;294
433;294
434;294
435;294
436;294
437;294
438;294
439;294
440;294
441;294
442;294
443;294
444;294
445;294
446;294
447;294
448;294
449;294
450;294
451;294
452;294
453;294
429;295
430;295
431;295
432;295
433;295
434;295
435;295
436;295
437;295
438;295
439;295
440;295
441;295
442;295
443;295
444;295
445;295
446;295
447;295
448;295
449;295
450;295
451;295
452;295
453;295
429;296
430;296
431;296
432;296
433;296
434;296
435;296
436;296
437;296
438;296
439;296
440;296
441;296
442;296
443;296
444;296
445;296
446;296
447;296
448;296
449;296
450;296
451;296
452;296
429;297
430;297
431;297
432;297
433;297
434;297
435;297
436;297
437;297
438;297
439;297
440;297
441;297
442;297
443;297
444;297
445;297
446;297
447;297
448;297
449;297
429;298
430;298
431;298
432;298
440;298
441;298
442;298
443;298
444;298
445;298
446;298
447;298
448;298
441;299
442;299
443;299
444;299
445;299
446;299
447;299
441;300
442;300
443;300
444;300
445;300
93
390;282
391;282
392;282
404;282
405;282
406;282
407;282
408;282
392;283
393;283
394;283
403;283
404;283
405;283
406;283
407;283
408;283
392;284
393;284
394;284
395;284
396;284
397;284
398;284
399;284
400;284
401;284
402;284
403;284
404;284
405;284
406;284
407;284
393;285
394;285
395;285
396;285
397;285
398;285
399;285
400;285
401;285
402;285
403;285
404;285
405;285
406;285
407;285
393;286
394;286
395;286
396;286
397;286
398;286
399;286
400;286
401;286
402;286
403;286
404;286
405;286
406;286
407;286
393;287
394;287
395;287
396;287
397;287
398;287
399;287
400;287
401;287
402;287
403;287
404;287
405;287
406;287
394;288
395;288
396;288
397;288
398;288
399;288
400;288
401;288
402;288
403;288
404;288
399;289
400;289
401;289
402;289
403;289
25
220;282
221;282
218;283
219;283
220;283
221;283
218;284
219;284
220;284
221;284
218;285
219;285
220;285
221;285
218;286
219;286
220;286
221;286
218;287
219;287
220;287
221;287
218;288
219;288
218;289
9
867;280
866;281
867;281
866;282
867;282
866;283
867;283
866;284
867;284
6
279;276
280;276
281;276
282;276
280;277
281;277
1
589;273
20
653;272
654;272
655;272
652;273
653;273
654;273
655;273
652;274
653;274
654;274
655;274
656;274
652;275
653;275
654;275
655;275
656;275
657;275
652;276
653;276
1
630;272
25
177;270
178;270
179;270
177;271
178;271
179;271
180;271
176;272
177;272
178;272
179;272
180;272
181;272
177;273
178;273
179;273
180;273
181;273
182;273
178;274
179;274
180;274
181;274
182;274
183;274
13
437;263
438;263
437;264
438;264
439;264
440;264
437;265
438;265
439;265
440;265
441;265
437;266
438;266
1
436;262
11
502;261
503;261
504;261
502;262
503;262
504;262
505;262
502;263
503;263
504;263
505;263
1
485;255
1
698;253
21
700;249
701;249
702;249
703;249
700;250
701;250
702;250
703;250
704;250
699;251
700;251
701;251
702;251
703;251
704;251
699;252
700;252
701;252
702;252
703;252
704;252
49
590;246
591;246
592;246
593;246
589;247
590;247
591;247
592;247
593;247
586;248
587;248
588;248
589;248
590;248
591;248
592;248
593;248
594;248
585;249
586;249
587;249
588;249
589;249
590;249
591;249
592;249
593;249
584;250
585;250
586;250
587;250
588;250
589;250
590;250
591;250
592;250
585;251
586;251
587;251
588;251
589;251
590;251
591;251
587;252
588;252
589;252
590;252
591;252
590;253
30
462;245
457;246
458;246
459;246
460;246
461;246
462;246
463;246
458;247
459;247
460;247
461;247
462;247
463;247
464;247
459;248
460;248
461;248
462;248
463;248
464;248
459;249
460;249
461;249
462;249
463;249
464;249
461;250
462;250
463;250
10
319;244
320;244
319;245
320;245
319;246
320;246
319;247
320;247
319;248
320;248
78
602;239
603;239
604;239
603;240
604;240
605;240
606;240
607;240
608;240
609;240
610;240
611;240
612;240
613;240
614;240
615;240
616;240
617;240
618;240
619;240
603;241
604;241
605;241
606;241
607;241
608;241
609;241
610;241
611;241
612;241
613;241
614;241
615;241
616;241
617;241
618;241
619;241
620;241
610;242
611;242
612;242
613;242
614;242
615;242
616;242
617;242
618;242
619;242
620;242
621;242
613;243
614;243
615;243
616;243
617;243
618;243
619;243
620;243
621;243
622;243
623;243
614;244
615;244
616;244
617;244
618;244
619;244
620;244
621;244
622;244
623;244
616;245
617;245
618;245
619;245
617;246
618;246
619;246
29
487;239
488;239
489;239
490;239
486;240
487;240
488;240
489;240
490;240
485;241
486;241
487;241
488;241
489;241
490;241
484;242
485;242
486;242
487;242
488;242
489;242
484;243
485;243
486;243
487;243
488;243
485;244
486;244
487;244
10
664;236
665;236
666;236
664;237
665;237
666;237
664;238
665;238
664;239
664;240
3
812;234
812;235
812;236
25
577;231
578;231
575;232
576;232
577;232
578;232
576;233
577;233
578;233
579;233
580;233
581;233
576;234
577;234
578;234
579;234
580;234
581;234
577;235
578;235
579;235
580;235
581;235
581;236
582;236
93
281;231
277;232
278;232
279;232
280;232
281;232
282;232
283;232
275;233
276;233
277;233
278;233
279;233
280;233
281;233
282;233
283;233
284;233
274;234
275;234
276;234
277;234
278;234
279;234
280;234
281;234
282;234
283;234
284;234
274;235
275;235
276;235
277;235
278;235
279;235
280;235
281;235
282;235
283;235
275;236
276;236
277;236
278;236
279;236
280;236
281;236
282;236
276;237
277;237
278;237
279;237
280;237
281;237
282;237
276;238
277;238
278;238
279;238
280;238
281;238
282;238
277;239
278;239
279;239
280;239
281;239
282;239
278;240
279;240
280;240
281;240
282;240
278;241
279;241
280;241
281;241
282;241
279;242
280;242
281;242
282;242
281;243
282;243
282;244
283;244
284;244
283;245
284;245
285;245
284;246
285;246
286;246
287;246
18
541;229
541;230
542;230
543;230
543;231
544;231
545;231
546;231
543;232
544;232
545;232
546;232
547;232
543;233
544;233
545;233
546;233
547;233
24
323;229
324;229
324;230
325;230
326;230
327;230
328;230
329;230
325;231
326;231
327;231
328;231
329;231
330;231
327;232
328;232
329;232
330;232
331;232
332;232
329;233
330;233
331;233
330;234
1
540;227
9
536;225
537;225
538;225
539;225
535;226
536;226
537;226
538;226
539;226
31
407;222
408;222
409;222
410;222
406;223
407;223
408;223
409;223
410;223
411;223
412;223
413;223
414;223
415;223
416;223
407;224
408;224
409;224
410;224
411;224
412;224
413;224
414;224
415;224
416;224
417;224
413;225
414;225
415;225
416;225
417;225
13
387;219
387;220
388;220
389;220
388;221
389;221
390;221
388;222
389;222
390;222
391;222
390;223
391;223
2
513;215
513;216
31
642;213
643;213
644;213
641;214
642;214
643;214
644;214
645;214
640;215
641;215
642;215
643;215
644;215
645;215
640;216
641;216
642;216
643;216
644;216
645;216
640;217
641;217
642;217
643;217
644;217
645;217
642;218
643;218
644;218
645;218
645;219
1
95;213
1
941;212
25
452;212
453;212
448;213
449;213
450;213
451;213
452;213
447;214
448;214
449;214
450;214
451;214
452;214
447;215
448;215
449;215
450;215
451;215
447;216
448;216
449;216
450;216
447;217
448;217
449;217
1
942;211
5
91;211
92;211
93;211
92;212
93;212
2
943;209
943;210
11
510;208
509;209
510;209
508;210
509;210
510;210
509;211
510;211
509;212
510;212
510;213
21
464;201
465;201
466;201
467;201
463;202
464;202
465;202
466;202
462;203
463;203
464;203
465;203
466;203
462;204
463;204
464;204
460;205
461;205
462;205
459;206
460;206
65
489;198
490;198
491;198
486;199
487;199
488;199
489;199
490;199
491;199
492;199
487;200
488;200
489;200
490;200
491;200
492;200
493;200
492;201
493;201
494;201
492;202
493;202
494;202
492;203
493;203
492;204
493;204
492;205
493;205
492;206
493;206
492;207
493;207
491;208
492;208
493;208
490;209
491;209
492;209
488;210
489;210
490;210
491;210
492;210
486;211
487;211
488;211
489;211
490;211
491;211
492;211
486;212
487;212
488;212
489;212
490;212
491;212
487;213
488;213
489;213
490;213
487;214
488;214
489;214
488;215
1
955;194
113
329;193
327;194
328;194
329;194
330;194
323;195
324;195
325;195
326;195
327;195
328;195
329;195
330;195
320;196
321;196
322;196
323;196
324;196
325;196
326;196
327;196
328;196
329;196
330;196
318;197
319;197
320;197
321;197
322;197
323;197
324;197
325;197
326;197
327;197
328;197
329;197
330;197
317;198
318;198
319;198
320;198
321;198
322;198
323;198
324;198
325;198
326;198
327;198
328;198
329;198
315;199
316;199
317;199
318;199
319;199
320;199
321;199
322;199
323;199
324;199
325;199
326;199
327;199
328;199
329;199
315;200
316;200
317;200
318;200
319;200
320;200
321;200
322;200
323;200
324;200
325;200
326;200
327;200
328;200
315;201
316;201
317;201
318;201
319;201
320;201
321;201
322;201
323;201
324;201
325;201
326;201
327;201
328;201
319;202
320;202
321;202
322;202
323;202
324;202
325;202
326;202
327;202
319;203
320;203
321;203
322;203
323;203
324;203
325;203
326;203
327;203
325;204
326;204
9
376;192
377;192
378;192
375;193
376;193
377;193
378;193
376;194
377;194
6
953;191
952;192
953;192
954;192
953;193
954;193
9
284;188
284;189
285;189
286;189
287;189
286;190
287;190
288;190
289;190
13
342;186
342;187
343;187
344;187
345;187
342;188
343;188
344;188
345;188
341;189
342;189
343;189
344;189
27
970;183
970;184
971;184
969;185
970;185
971;185
967;186
968;186
969;186
970;186
971;186
967;187
968;187
969;187
970;187
967;188
968;188
969;188
967;189
968;189
969;189
968;190
969;190
968;191
969;191
968;192
969;192
1
273;176
8
520;172
521;172
522;172
523;172
520;173
521;173
522;173
523;173
32
107;168
108;168
109;168
107;169
108;169
109;169
106;170
107;170
108;170
105;171
106;171
107;171
108;171
105;172
106;172
107;172
108;172
105;173
106;173
107;173
108;173
105;174
106;174
107;174
105;175
106;175
107;175
105;176
106;176
105;177
106;177
105;178
3
387;154
388;154
389;154
2
259;154
260;154
1
391;153
7
364;151
365;151
366;151
367;151
364;152
365;152
366;152
7
379;150
380;150
381;150
382;150
380;151
381;151
382;151
26
609;140
607;141
608;141
609;141
607;142
608;142
609;142
607;143
608;143
609;143
610;143
607;144
608;144
609;144
610;144
611;144
607;145
608;145
609;145
610;145
611;145
612;145
613;145
609;146
610;146
611;146
107
554;140
555;140
556;140
557;140
558;140
553;141
554;141
555;141
556;141
557;141
558;141
559;141
560;141
551;142
552;142
553;142
554;142
555;142
556;142
557;142
558;142
559;142
560;142
561;142
549;143
550;143
551;143
552;143
553;143
554;143
555;143
556;143
557;143
558;143
559;143
560;143
561;143
562;143
548;144
549;144
550;144
551;144
552;144
553;144
554;144
555;144
556;144
557;144
558;144
559;144
560;144
561;144
562;144
563;144
547;145
548;145
549;145
550;145
551;145
552;145
553;145
554;145
555;145
556;145
557;145
558;145
559;145
560;145
561;145
562;145
563;145
548;146
549;146
550;146
551;146
552;146
553;146
554;146
555;146
556;146
557;146
558;146
559;146
560;146
561;146
562;146
563;146
550;147
551;147
552;147
553;147
554;147
555;147
556;147
557;147
558;147
559;147
560;147
561;147
562;147
556;148
557;148
558;148
559;148
560;148
561;148
558;149
2
788;139
788;140
49
643;139
644;139
645;139
642;140
643;140
644;140
645;140
646;140
647;140
641;141
642;141
643;141
644;141
645;141
646;141
647;141
648;141
640;142
641;142
642;142
643;142
644;142
645;142
646;142
647;142
640;143
641;143
642;143
643;143
644;143
645;143
646;143
640;144
641;144
642;144
643;144
644;144
645;144
640;145
641;145
642;145
643;145
640;146
641;146
642;146
643;146
641;147
642;147
643;147
17
405;133
405;134
406;134
405;135
406;135
405;136
406;136
407;136
405;137
406;137
407;137
405;138
406;138
407;138
405;139
406;139
407;139
27
579;132
578;133
579;133
577;134
578;134
579;134
577;135
578;135
579;135
577;136
578;136
579;136
577;137
578;137
579;137
577;138
578;138
579;138
577;139
578;139
579;139
577;140
578;140
579;140
578;141
579;141
580;141
93
439;132
440;132
437;133
438;133
439;133
440;133
441;133
435;134
436;134
437;134
438;134
439;134
440;134
441;134
442;134
443;134
444;134
435;135
436;135
437;135
438;135
439;135
440;135
441;135
442;135
443;135
444;135
445;135
446;135
436;136
437;136
438;136
439;136
440;136
441;136
442;136
443;136
444;136
445;136
446;136
447;136
436;137
437;137
438;137
439;137
440;137
441;137
442;137
443;137
444;137
445;137
446;137
447;137
448;137
436;138
437;138
438;138
439;138
440;138
441;138
442;138
443;138
444;138
445;138
446;138
447;138
448;138
436;139
437;139
438;139
439;139
440;139
441;139
442;139
443;139
444;139
445;139
446;139
436;140
437;140
438;140
439;140
440;140
441;140
442;140
443;140
437;141
438;141
439;141
440;141
441;141
438;142
439;142
2
403;131
404;131
13
480;130
476;131
477;131
478;131
479;131
480;131
476;132
477;132
478;132
479;132
480;132
481;132
482;132
1
130;130
2
128;129
129;129
1
127;128
2
104;125
104;126
2
115;121
115;122
3
91;120
92;120
92;121
37
784;115
783;116
784;116
785;116
782;117
783;117
784;117
785;117
786;117
781;118
782;118
783;118
784;118
785;118
781;119
782;119
783;119
784;119
785;119
780;120
781;120
782;120
783;120
784;120
780;121
781;121
782;121
783;121
780;122
781;122
782;122
783;122
781;123
782;123
783;123
782;124
783;124
333
391;113
392;113
393;113
389;114
390;114
391;114
392;114
393;114
394;114
395;114
396;114
387;115
388;115
389;115
390;115
391;115
392;115
393;115
394;115
395;115
396;115
397;115
398;115
399;115
386;116
387;116
388;116
389;116
390;116
391;116
392;116
393;116
394;116
395;116
396;116
397;116
398;116
399;116
400;116
385;117
386;117
387;117
388;117
389;117
390;117
391;117
392;117
393;117
394;117
395;117
396;117
397;117
398;117
399;117
400;117
401;117
385;118
386;118
387;118
388;118
389;118
390;118
391;118
392;118
393;118
394;118
395;118
396;118
397;118
398;118
399;118
400;118
401;118
402;118
403;118
381;119
382;119
383;119
384;119
385;119
386;119
387;119
388;119
389;119
390;119
391;119
392;119
393;119
394;119
395;119
396;119
397;119
398;119
399;119
400;119
401;119
402;119
403;119
380;120
381;120
382;120
383;120
384;120
385;120
386;120
387;120
388;120
389;120
390;120
391;120
392;120
393;120
394;120
395;120
396;120
397;120
398;120
399;120
400;120
401;120
402;120
403;120
379;121
380;121
381;121
382;121
383;121
384;121
385;121
386;121
387;121
388;121
389;121
390;121
391;121
392;121
393;121
394;121
395;121
396;121
397;121
398;121
399;121
400;121
401;121
402;121
403;121
378;122
379;122
380;122
381;122
382;122
383;122
384;122
385;122
386;122
387;122
388;122
389;122
390;122
391;122
392;122
393;122
394;122
395;122
396;122
397;122
398;122
399;122
400;122
401;122
378;123
379;123
380;123
381;123
382;123
383;123
384;123
385;123
386;123
387;123
388;123
389;123
390;123
391;123
392;123
393;123
394;123
395;123
396;123
397;123
398;123
399;123
400;123
401;123
378;124
379;124
380;124
381;124
382;124
383;124
384;124
385;124
386;124
387;124
388;124
389;124
390;124
391;124
392;124
393;124
394;124
395;124
396;124
397;124
398;124
399;124
400;124
377;125
378;125
379;125
380;125
381;125
382;125
383;125
384;125
385;125
386;125
387;125
399;125
400;125
376;126
377;126
378;126
379;126
380;126
381;126
382;126
383;126
384;126
385;126
386;126
376;127
377;127
378;127
379;127
380;127
381;127
382;127
383;127
384;127
385;127
386;127
375;128
376;128
377;128
378;128
379;128
380;128
381;128
382;128
383;128
384;128
385;128
375;129
376;129
377;129
378;129
379;129
380;129
381;129
382;129
383;129
384;129
385;129
374;130
375;130
376;130
377;130
378;130
379;130
380;130
381;130
382;130
383;130
384;130
385;130
374;131
375;131
376;131
377;131
378;131
379;131
380;131
381;131
382;131
403;131
373;132
374;132
375;132
376;132
377;132
378;132
379;132
380;132
373;133
374;133
375;133
376;133
377;133
378;133
379;133
380;133
374;134
375;134
376;134
377;134
378;134
379;134
380;134
374;135
375;135
376;135
377;135
378;135
379;135
375;136
376;136
377;136
378;136
379;136
377;137
378;137
95
61;107
62;107
59;108
60;108
61;108
62;108
63;108
64;108
65;108
66;108
67;108
68;108
58;109
59;109
60;109
61;109
62;109
63;109
64;109
65;109
66;109
67;109
68;109
69;109
58;110
59;110
60;110
61;110
62;110
63;110
64;110
65;110
66;110
67;110
68;110
69;110
70;110
71;110
59;111
60;111
61;111
62;111
63;111
64;111
65;111
66;111
67;111
68;111
69;111
70;111
71;111
72;111
73;111
74;111
75;111
76;111
77;111
78;111
61;112
62;112
63;112
64;112
65;112
66;112
67;112
68;112
69;112
70;112
71;112
72;112
73;112
74;112
75;112
76;112
77;112
78;112
63;113
64;113
65;113
66;113
67;113
68;113
69;113
70;113
71;113
72;113
73;113
74;113
64;114
65;114
66;114
67;114
68;114
69;114
70;114
1
518;106
13
761;101
761;102
762;102
763;102
764;102
759;103
760;103
761;103
762;103
763;103
764;103
761;104
762;104
14
624;96
623;97
624;97
622;98
623;98
624;98
622;99
623;99
624;99
622;100
623;100
624;100
621;101
622;101
14
566;96
566;97
567;97
568;97
569;97
566;98
567;98
568;98
569;98
570;98
567;99
568;99
569;99
570;99
1
625;95
10
31;92
29;93
30;93
31;93
32;93
29;94
30;94
31;94
32;94
30;95
1
525;91
36
809;81
810;81
811;81
808;82
809;82
810;82
811;82
812;82
808;83
809;83
810;83
811;83
812;83
813;83
808;84
809;84
810;84
811;84
812;84
813;84
808;85
809;85
810;85
811;85
812;85
813;85
810;86
811;86
812;86
813;86
814;86
811;87
812;87
813;87
812;88
813;88
28
887;70
885;71
886;71
887;71
888;71
884;72
885;72
886;72
887;72
888;72
883;73
884;73
885;73
886;73
887;73
888;73
883;74
884;74
885;74
886;74
887;74
888;74
885;75
886;75
887;75
888;75
887;76
888;76
8
776;69
777;69
778;69
777;70
778;70
777;71
778;71
778;72
94
171;64
172;64
173;64
167;65
168;65
169;65
170;65
171;65
172;65
173;65
174;65
165;66
166;66
167;66
168;66
169;66
170;66
171;66
172;66
173;66
174;66
175;66
165;67
166;67
167;67
168;67
169;67
170;67
171;67
172;67
173;67
174;67
175;67
165;68
166;68
167;68
168;68
169;68
170;68
171;68
172;68
173;68
174;68
175;68
165;69
166;69
167;69
168;69
169;69
170;69
171;69
172;69
173;69
174;69
175;69
166;70
167;70
168;70
169;70
170;70
171;70
172;70
173;70
174;70
175;70
168;71
169;71
170;71
171;71
172;71
173;71
174;71
175;71
169;72
170;72
171;72
172;72
173;72
174;72
175;72
171;73
172;73
173;73
174;73
175;73
172;74
173;74
174;74
175;74
174;75
175;75
175;76
176;76
176;77
13
0;64
1;64
2;64
3;64
4;64
5;64
0;65
1;65
2;65
3;65
4;65
5;65
5;66
13
404;62
405;62
402;63
403;63
404;63
405;63
402;64
403;64
404;64
405;64
402;65
403;65
404;65
14
679;57
680;57
681;57
682;57
678;58
679;58
680;58
681;58
682;58
679;59
680;59
681;59
682;59
681;60
9
721;56
722;56
720;57
721;57
722;57
723;57
721;58
722;58
723;58
19
500;43
499;44
500;44
501;44
502;44
498;45
499;45
500;45
501;45
502;45
498;46
499;46
500;46
501;46
499;47
500;47
501;47
500;48
501;48
78
456;35
457;35
455;36
456;36
457;36
458;36
454;37
455;37
456;37
457;37
458;37
459;37
460;37
452;38
453;38
454;38
455;38
456;38
457;38
458;38
459;38
460;38
461;38
462;38
452;39
453;39
454;39
455;39
456;39
457;39
458;39
459;39
460;39
461;39
462;39
453;40
454;40
455;40
456;40
457;40
458;40
459;40
460;40
461;40
462;40
453;41
454;41
455;41
456;41
457;41
458;41
459;41
460;41
461;41
462;41
454;42
455;42
456;42
457;42
458;42
459;42
460;42
461;42
455;43
456;43
457;43
458;43
459;43
460;43
456;44
457;44
458;44
459;44
460;44
458;45
459;45
460;45
459;46
2
197;35
197;36
1
689;20
5
61;16
62;16
61;17
62;17
63;17
1
60;15
26
683;13
684;13
682;14
683;14
684;14
685;14
683;15
684;15
685;15
686;15
687;15
688;15
684;16
685;16
686;16
687;16
688;16
685;17
686;17
687;17
688;17
686;18
687;18
688;18
687;19
688;19
1
362;11
58
475;6
475;7
474;8
475;8
476;8
474;9
475;9
476;9
477;9
474;10
475;10
476;10
477;10
478;10
473;11
474;11
475;11
476;11
477;11
478;11
479;11
472;12
473;12
474;12
475;12
476;12
477;12
478;12
479;12
472;13
473;13
474;13
475;13
476;13
477;13
478;13
472;14
473;14
474;14
475;14
476;14
477;14
478;14
473;15
474;15
475;15
476;15
477;15
478;15
473;16
474;16
475;16
476;16
477;16
478;16
476;17
477;17
478;17
15
283;5
284;5
283;6
284;6
285;6
286;6
287;6
288;6
283;7
284;7
285;7
286;7
287;7
288;7
287;8
33
448;4
449;4
446;5
447;5
448;5
449;5
450;5
451;5
452;5
445;6
446;6
447;6
448;6
449;6
450;6
451;6
452;6
445;7
446;7
447;7
448;7
449;7
450;7
451;7
452;7
446;8
447;8
448;8
449;8
450;8
451;8
452;8
453;8
26
265;4
264;5
265;5
266;5
264;6
265;6
266;6
262;7
263;7
264;7
265;7
266;7
267;7
260;8
261;8
262;8
263;8
264;8
265;8
266;8
259;9
260;9
261;9
262;9
260;10
261;10
8
788;0
789;0
790;0
791;0
788;1
789;1
790;1
791;1
26
299;0
300;0
301;0
302;0
303;0
304;0
305;0
299;1
300;1
301;1
302;1
303;1
304;1
305;1
299;2
300;2
301;2
302;2
303;2
304;2
305;2
300;3
301;3
300;4
301;4
301;5
60
112;0
113;0
114;0
115;0
116;0
117;0
118;0
119;0
120;0
121;0
122;0
123;0
124;0
125;0
126;0
113;1
114;1
115;1
116;1
117;1
118;1
119;1
120;1
121;1
122;1
123;1
124;1
125;1
126;1
114;2
115;2
116;2
117;2
118;2
119;2
120;2
121;2
122;2
123;2
124;2
125;2
126;2
116;3
117;3
118;3
119;3
120;3
121;3
122;3
123;3
124;3
125;3
126;3
118;4
119;4
120;4
121;4
122;4
123;4
120;5
3576
0;0
1;0
2;0
3;0
4;0
5;0
6;0
7;0
8;0
9;0
10;0
11;0
12;0
13;0
14;0
15;0
16;0
17;0
18;0
19;0
20;0
21;0
22;0
23;0
24;0
25;0
26;0
27;0
28;0
29;0
30;0
31;0
32;0
33;0
34;0
35;0
36;0
37;0
38;0
39;0
40;0
41;0
42;0
43;0
44;0
45;0
46;0
47;0
48;0
49;0
50;0
51;0
52;0
53;0
54;0
55;0
56;0
57;0
58;0
59;0
60;0
61;0
62;0
63;0
64;0
65;0
66;0
67;0
68;0
69;0
70;0
71;0
72;0
73;0
74;0
75;0
76;0
77;0
78;0
79;0
80;0
81;0
82;0
83;0
84;0
85;0
86;0
87;0
88;0
89;0
90;0
91;0
92;0
93;0
94;0
95;0
96;0
97;0
98;0
99;0
100;0
101;0
102;0
103;0
104;0
105;0
106;0
107;0
108;0
109;0
110;0
111;0
112;0
113;0
114;0
115;0
116;0
117;0
118;0
119;0
120;0
121;0
122;0
123;0
124;0
125;0
126;0
127;0
128;0
129;0
130;0
131;0
132;0
133;0
134;0
135;0
136;0
137;0
138;0
139;0
140;0
141;0
142;0
143;0
144;0
145;0
146;0
147;0
148;0
149;0
150;0
151;0
152;0
153;0
154;0
155;0
156;0
157;0
158;0
159;0
160;0
161;0
162;0
163;0
164;0
165;0
166;0
167;0
168;0
169;0
170;0
171;0
172;0
173;0
174;0
175;0
176;0
177;0
178;0
179;0
180;0
181;0
182;0
183;0
184;0
185;0
186;0
187;0
188;0
189;0
190;0
191;0
192;0
193;0
194;0
195;0
196;0
197;0
198;0
199;0
200;0
201;0
202;0
203;0
204;0
205;0
206;0
207;0
208;0
209;0
210;0
211;0
212;0
213;0
214;0
215;0
216;0
217;0
218;0
219;0
220;0
221;0
222;0
223;0
224;0
225;0
226;0
227;0
228;0
229;0
230;0
231;0
232;0
233;0
234;0
235;0
236;0
237;0
238;0
239;0
240;0
241;0
242;0
243;0
244;0
245;0
246;0
247;0
248;0
249;0
250;0
251;0
252;0
253;0
254;0
255;0
256;0
257;0
258;0
259;0
260;0
261;0
262;0
263;0
264;0
265;0
266;0
267;0
268;0
269;0
270;0
271;0
272;0
273;0
274;0
275;0
276;0
277;0
278;0
279;0
280;0
281;0
282;0
283;0
284;0
285;0
286;0
287;0
288;0
289;0
290;0
291;0
292;0
293;0
294;0
295;0
296;0
297;0
298;0
299;0
300;0
301;0
302;0
303;0
304;0
305;0
306;0
307;0
308;0
309;0
310;0
311;0
312;0
313;0
314;0
315;0
316;0
317;0
318;0
319;0
320;0
321;0
322;0
323;0
324;0
325;0
326;0
327;0
328;0
329;0
330;0
331;0
332;0
333;0
334;0
335;0
336;0
337;0
338;0
339;0
340;0
341;0
342;0
343;0
344;0
345;0
346;0
347;0
348;0
349;0
350;0
351;0
352;0
353;0
354;0
355;0
356;0
357;0
358;0
359;0
360;0
361;0
362;0
363;0
364;0
365;0
366;0
367;0
368;0
369;0
370;0
371;0
372;0
373;0
374;0
375;0
376;0
377;0
378;0
379;0
380;0
381;0
382;0
383;0
384;0
385;0
386;0
387;0
388;0
389;0
390;0
391;0
392;0
393;0
394;0
395;0
396;0
397;0
398;0
399;0
400;0
401;0
402;0
403;0
404;0
405;0
406;0
407;0
408;0
409;0
410;0
411;0
412;0
413;0
414;0
415;0
416;0
417;0
418;0
419;0
420;0
421;0
422;0
423;0
424;0
425;0
426;0
427;0
428;0
429;0
430;0
431;0
432;0
433;0
434;0
435;0
436;0
437;0
438;0
439;0
440;0
441;0
442;0
443;0
444;0
445;0
446;0
447;0
448;0
449;0
450;0
451;0
452;0
453;0
454;0
455;0
456;0
457;0
458;0
459;0
460;0
461;0
462;0
463;0
464;0
465;0
466;0
467;0
468;0
469;0
470;0
471;0
472;0
473;0
474;0
475;0
476;0
477;0
478;0
479;0
480;0
481;0
482;0
483;0
484;0
485;0
486;0
487;0
488;0
489;0
490;0
491;0
492;0
493;0
494;0
495;0
496;0
497;0
498;0
499;0
500;0
501;0
502;0
503;0
504;0
505;0
506;0
507;0
508;0
509;0
510;0
511;0
512;0
513;0
514;0
515;0
516;0
517;0
518;0
519;0
520;0
521;0
522;0
523;0
524;0
525;0
526;0
527;0
528;0
529;0
530;0
531;0
532;0
533;0
534;0
535;0
536;0
537;0
538;0
539;0
540;0
541;0
542;0
543;0
544;0
545;0
546;0
547;0
548;0
549;0
550;0
551;0
552;0
553;0
554;0
555;0
556;0
557;0
558;0
559;0
560;0
561;0
562;0
563;0
564;0
565;0
566;0
567;0
568;0
569;0
570;0
571;0
572;0
573;0
574;0
575;0
576;0
577;0
578;0
579;0
580;0
581;0
582;0
583;0
584;0
585;0
586;0
587;0
588;0
589;0
590;0
591;0
592;0
593;0
594;0
595;0
596;0
597;0
598;0
599;0
600;0
601;0
602;0
603;0
604;0
605;0
606;0
607;0
608;0
609;0
610;0
611;0
612;0
613;0
614;0
615;0
616;0
617;0
618;0
619;0
620;0
621;0
622;0
623;0
624;0
625;0
626;0
627;0
628;0
629;0
630;0
631;0
632;0
633;0
634;0
635;0
636;0
637;0
638;0
639;0
640;0
641;0
642;0
643;0
644;0
645;0
646;0
647;0
648;0
649;0
650;0
651;0
652;0
653;0
654;0
655;0
656;0
657;0
658;0
659;0
660;0
661;0
662;0
663;0
664;0
665;0
666;0
667;0
668;0
669;0
670;0
671;0
672;0
673;0
674;0
675;0
676;0
677;0
678;0
679;0
680;0
681;0
682;0
683;0
684;0
685;0
686;0
687;0
688;0
689;0
690;0
691;0
692;0
693;0
694;0
695;0
696;0
697;0
698;0
699;0
700;0
701;0
702;0
703;0
704;0
705;0
706;0
707;0
708;0
709;0
710;0
711;0
712;0
713;0
714;0
715;0
716;0
717;0
718;0
719;0
720;0
721;0
722;0
723;0
724;0
725;0
726;0
727;0
728;0
729;0
730;0
731;0
732;0
733;0
734;0
735;0
736;0
737;0
738;0
739;0
740;0
741;0
742;0
743;0
744;0
745;0
746;0
747;0
748;0
749;0
750;0
751;0
752;0
753;0
754;0
755;0
756;0
757;0
758;0
759;0
760;0
761;0
762;0
763;0
764;0
765;0
766;0
767;0
768;0
769;0
770;0
771;0
772;0
773;0
774;0
775;0
776;0
777;0
778;0
779;0
780;0
781;0
782;0
783;0
784;0
785;0
786;0
787;0
788;0
789;0
790;0
791;0
792;0
793;0
794;0
795;0
796;0
797;0
798;0
799;0
800;0
801;0
802;0
803;0
804;0
805;0
806;0
807;0
808;0
809;0
810;0
811;0
812;0
813;0
814;0
815;0
816;0
817;0
818;0
819;0
820;0
821;0
822;0
823;0
824;0
825;0
826;0
827;0
828;0
829;0
830;0
831;0
832;0
833;0
834;0
835;0
836;0
837;0
838;0
839;0
840;0
841;0
842;0
843;0
844;0
845;0
846;0
847;0
848;0
849;0
850;0
851;0
852;0
853;0
854;0
855;0
856;0
857;0
858;0
859;0
860;0
861;0
862;0
863;0
864;0
865;0
866;0
867;0
868;0
869;0
870;0
871;0
872;0
873;0
874;0
875;0
876;0
877;0
878;0
879;0
880;0
881;0
882;0
883;0
884;0
885;0
886;0
887;0
888;0
889;0
890;0
891;0
892;0
893;0
894;0
895;0
896;0
897;0
898;0
899;0
900;0
901;0
902;0
903;0
904;0
905;0
906;0
907;0
908;0
909;0
910;0
911;0
912;0
913;0
914;0
915;0
916;0
917;0
918;0
919;0
920;0
921;0
922;0
923;0
924;0
925;0
926;0
927;0
928;0
929;0
930;0
931;0
932;0
933;0
934;0
935;0
936;0
937;0
938;0
939;0
940;0
941;0
942;0
943;0
944;0
945;0
946;0
947;0
948;0
949;0
950;0
951;0
952;0
953;0
954;0
955;0
956;0
957;0
958;0
959;0
960;0
961;0
962;0
963;0
964;0
965;0
966;0
967;0
968;0
969;0
970;0
971;0
972;0
973;0
974;0
975;0
976;0
977;0
978;0
979;0
980;0
981;0
982;0
983;0
984;0
985;0
986;0
987;0
988;0
989;0
990;0
991;0
992;0
993;0
994;0
995;0
996;0
997;0
998;0
999;0
1000;0
1001;0
1002;0
1003;0
1004;0
1005;0
1006;0
1007;0
1008;0
1009;0
1010;0
1011;0
1012;0
1013;0
1014;0
1015;0
1016;0
1017;0
1018;0
1019;0
1020;0
1021;0
1022;0
1023;0
0;1
1023;1
0;2
1023;2
0;3
1023;3
0;4
1023;4
0;5
1023;5
0;6
1023;6
0;7
1023;7
0;8
1023;8
0;9
1023;9
0;10
1023;10
0;11
1023;11
0;12
1023;12
0;13
1023;13
0;14
1023;14
0;15
1023;15
0;16
1023;16
0;17
1023;17
0;18
1023;18
0;19
1023;19
0;20
1023;20
0;21
1023;21
0;22
1023;22
0;23
1023;23
0;24
1023;24
0;25
1023;25
0;26
1023;26
0;27
1023;27
0;28
1023;28
0;29
1023;29
0;30
1023;30
0;31
1023;31
0;32
1023;32
0;33
1023;33
0;34
1023;34
0;35
1023;35
0;36
1023;36
0;37
1023;37
0;38
1023;38
0;39
1023;39
0;40
1023;40
0;41
1023;41
0;42
1023;42
0;43
1023;43
0;44
1023;44
0;45
1023;45
0;46
1023;46
0;47
1023;47
0;48
1023;48
0;49
1023;49
0;50
1023;50
0;51
1023;51
0;52
1023;52
0;53
1023;53
0;54
1023;54
0;55
1023;55
0;56
1023;56
0;57
1023;57
0;58
1023;58
0;59
1023;59
0;60
1023;60
0;61
1023;61
0;62
1023;62
0;63
1023;63
0;64
1023;64
0;65
1023;65
0;66
1023;66
0;67
1023;67
0;68
1023;68
0;69
1023;69
0;70
1023;70
0;71
1023;71
0;72
1023;72
0;73
1023;73
0;74
1023;74
0;75
1023;75
0;76
1023;76
0;77
1023;77
0;78
1023;78
0;79
1023;79
0;80
1023;80
0;81
1023;81
0;82
1023;82
0;83
1023;83
0;84
1023;84
0;85
1023;85
0;86
1023;86
0;87
1023;87
0;88
1023;88
0;89
1023;89
0;90
1023;90
0;91
1023;91
0;92
1023;92
0;93
1023;93
0;94
1023;94
0;95
1023;95
0;96
1023;96
0;97
1023;97
0;98
1023;98
0;99
1023;99
0;100
1023;100
0;101
1023;101
0;102
1023;102
0;103
1023;103
0;104
1023;104
0;105
1023;105
0;106
1023;106
0;107
1023;107
0;108
1023;108
0;109
1023;109
0;110
1023;110
0;111
1023;111
0;112
1023;112
0;113
1023;113
0;114
1023;114
0;115
1023;115
0;116
1023;116
0;117
1023;117
0;118
1023;118
0;119
1023;119
0;120
1023;120
0;121
1023;121
0;122
1023;122
0;123
1023;123
0;124
1023;124
0;125
1023;125
0;126
1023;126
0;127
1023;127
0;128
1023;128
0;129
1023;129
0;130
1023;130
0;131
1023;131
0;132
1023;132
0;133
1023;133
0;134
1023;134
0;135
1023;135
0;136
1023;136
0;137
1023;137
0;138
1023;138
0;139
1023;139
0;140
1023;140
0;141
1023;141
0;142
1023;142
0;143
1023;143
0;144
1023;144
0;145
1023;145
0;146
1023;146
0;147
1023;147
0;148
1023;148
0;149
1023;149
0;150
1023;150
0;151
1023;151
0;152
1023;152
0;153
1023;153
0;154
1023;154
0;155
1023;155
0;156
1023;156
0;157
1023;157
0;158
1023;158
0;159
1023;159
0;160
1023;160
0;161
1023;161
0;162
1023;162
0;163
1023;163
0;164
1023;164
0;165
1023;165
0;166
1023;166
0;167
1023;167
0;168
1023;168
0;169
1023;169
0;170
1023;170
0;171
1023;171
0;172
1023;172
0;173
1023;173
0;174
1023;174
0;175
1023;175
0;176
1023;176
0;177
1023;177
0;178
1023;178
0;179
1023;179
0;180
1023;180
0;181
1023;181
0;182
1023;182
0;183
1023;183
0;184
1023;184
0;185
1023;185
0;186
1023;186
0;187
1023;187
0;188
1023;188
0;189
1023;189
0;190
1023;190
0;191
1023;191
0;192
1023;192
0;193
1023;193
0;194
1023;194
0;195
1023;195
0;196
1023;196
0;197
1023;197
0;198
1023;198
0;199
1023;199
0;200
1023;200
0;201
1023;201
0;202
1023;202
0;203
1023;203
0;204
1023;204
0;205
1023;205
0;206
1023;206
0;207
1023;207
0;208
1023;208
0;209
1023;209
0;210
1023;210
0;211
1023;211
0;212
1023;212
0;213
1023;213
0;214
1023;214
0;215
1023;215
0;216
1023;216
0;217
1023;217
0;218
1023;218
0;219
1023;219
0;220
1023;220
0;221
1023;221
0;222
1023;222
0;223
1023;223
0;224
1023;224
0;225
1023;225
0;226
1023;226
0;227
1023;227
0;228
1023;228
0;229
1023;229
0;230
1023;230
0;231
1023;231
0;232
1023;232
0;233
1023;233
0;234
1023;234
0;235
1023;235
0;236
1023;236
0;237
1023;237
0;238
1023;238
0;239
1023;239
0;240
1023;240
0;241
1023;241
0;242
1023;242
0;243
1023;243
0;244
1023;244
0;245
1023;245
0;246
1023;246
0;247
1023;247
0;248
1023;248
0;249
1023;249
0;250
1023;250
0;251
1023;251
0;252
1023;252
0;253
1023;253
0;254
1023;254
0;255
1023;255
0;256
1023;256
0;257
1023;257
0;258
1023;258
0;259
1023;259
0;260
1023;260
0;261
1023;261
0;262
1023;262
0;263
1023;263
0;264
1023;264
0;265
1023;265
0;266
1023;266
0;267
1023;267
0;268
1023;268
0;269
1023;269
0;270
1023;270
0;271
1023;271
0;272
1023;272
0;273
1023;273
0;274
1023;274
0;275
1023;275
0;276
1023;276
0;277
1023;277
0;278
1023;278
0;279
1023;279
0;280
1023;280
0;281
1023;281
0;282
1023;282
0;283
1023;283
0;284
1023;284
0;285
1023;285
0;286
1023;286
0;287
1023;287
0;288
1023;288
0;289
1023;289
0;290
1023;290
0;291
1023;291
0;292
1023;292
0;293
1023;293
0;294
1023;294
0;295
1023;295
0;296
1023;296
0;297
1023;297
0;298
1023;298
0;299
1023;299
0;300
1023;300
0;301
1023;301
0;302
1023;302
0;303
1023;303
0;304
1023;304
0;305
1023;305
0;306
1023;306
0;307
1023;307
0;308
1023;308
0;309
1023;309
0;310
1023;310
0;311
1023;311
0;312
1023;312
0;313
1023;313
0;314
1023;314
0;315
1023;315
0;316
1023;316
0;317
1023;317
0;318
1023;318
0;319
1023;319
0;320
1023;320
0;321
1023;321
0;322
1023;322
0;323
1023;323
0;324
1023;324
0;325
1023;325
0;326
1023;326
0;327
1023;327
0;328
1023;328
0;329
1023;329
0;330
1023;330
0;331
1023;331
0;332
1023;332
0;333
1023;333
0;334
1023;334
0;335
1023;335
0;336
1023;336
0;337
1023;337
0;338
1023;338
0;339
1023;339
0;340
1023;340
0;341
1023;341
0;342
1023;342
0;343
1023;343
0;344
1023;344
0;345
1023;345
0;346
1023;346
0;347
1023;347
0;348
1023;348
0;349
1023;349
0;350
1023;350
0;351
1023;351
0;352
1023;352
0;353
1023;353
0;354
1023;354
0;355
1023;355
0;356
1023;356
0;357
1023;357
0;358
1023;358
0;359
1023;359
0;360
1023;360
0;361
1023;361
0;362
1023;362
0;363
1023;363
0;364
1023;364
0;365
1023;365
0;366
1023;366
0;367
1023;367
0;368
1023;368
0;369
1023;369
0;370
1023;370
0;371
1023;371
0;372
1023;372
0;373
1023;373
0;374
1023;374
0;375
1023;375
0;376
1023;376
0;377
1023;377
0;378
1023;378
0;379
1023;379
0;380
1023;380
0;381
1023;381
0;382
1023;382
0;383
1023;383
0;384
1023;384
0;385
1023;385
0;386
1023;386
0;387
1023;387
0;388
1023;388
0;389
1023;389
0;390
1023;390
0;391
1023;391
0;392
1023;392
0;393
1023;393
0;394
1023;394
0;395
1023;395
0;396
1023;396
0;397
1023;397
0;398
1023;398
0;399
1023;399
0;400
1023;400
0;401
1023;401
0;402
1023;402
0;403
1023;403
0;404
1023;404
0;405
1023;405
0;406
1023;406
0;407
1023;407
0;408
1023;408
0;409
1023;409
0;410
1023;410
0;411
1023;411
0;412
1023;412
0;413
1023;413
0;414
1023;414
0;415
1023;415
0;416
1023;416
0;417
1023;417
0;418
1023;418
0;419
1023;419
0;420
1023;420
0;421
1023;421
0;422
1023;422
0;423
1023;423
0;424
1023;424
0;425
1023;425
0;426
1023;426
0;427
1023;427
0;428
1023;428
0;429
1023;429
0;430
1023;430
0;431
1023;431
0;432
1023;432
0;433
1023;433
0;434
1023;434
0;435
1023;435
0;436
1023;436
0;437
1023;437
0;438
1023;438
0;439
1023;439
0;440
1023;440
0;441
1023;441
0;442
1023;442
0;443
1023;443
0;444
1023;444
0;445
1023;445
0;446
1023;446
0;447
1023;447
0;448
1023;448
0;449
1023;449
0;450
1023;450
0;451
1023;451
0;452
1023;452
0;453
1023;453
0;454
1023;454
0;455
1023;455
0;456
1023;456
0;457
1023;457
0;458
1023;458
0;459
1023;459
0;460
1023;460
0;461
1023;461
0;462
1023;462
0;463
1023;463
0;464
1023;464
0;465
1023;465
0;466
1023;466
0;467
1023;467
0;468
1023;468
0;469
1023;469
0;470
1023;470
0;471
1023;471
0;472
1023;472
0;473
1023;473
0;474
1023;474
0;475
1023;475
0;476
1023;476
0;477
1023;477
0;478
1023;478
0;479
1023;479
0;480
1023;480
0;481
1023;481
0;482
1023;482
0;483
1023;483
0;484
1023;484
0;485
1023;485
0;486
1023;486
0;487
1023;487
0;488
1023;488
0;489
1023;489
0;490
1023;490
0;491
1023;491
0;492
1023;492
0;493
1023;493
0;494
1023;494
0;495
1023;495
0;496
1023;496
0;497
1023;497
0;498
1023;498
0;499
1023;499
0;500
1023;500
0;501
1023;501
0;502
1023;502
0;503
1023;503
0;504
1023;504
0;505
1023;505
0;506
1023;506
0;507
1023;507
0;508
1023;508
0;509
1023;509
0;510
1023;510
0;511
1023;511
0;512
1023;512
0;513
1023;513
0;514
1023;514
0;515
1023;515
0;516
1023;516
0;517
1023;517
0;518
1023;518
0;519
1023;519
0;520
1023;520
0;521
1023;521
0;522
1023;522
0;523
1023;523
0;524
1023;524
0;525
1023;525
0;526
1023;526
0;527
1023;527
0;528
1023;528
0;529
1023;529
0;530
1023;530
0;531
1023;531
0;532
1023;532
0;533
1023;533
0;534
1023;534
0;535
1023;535
0;536
1023;536
0;537
1023;537
0;538
1023;538
0;539
1023;539
0;540
1023;540
0;541
1023;541
0;542
1023;542
0;543
1023;543
0;544
1023;544
0;545
1023;545
0;546
1023;546
0;547
1023;547
0;548
1023;548
0;549
1023;549
0;550
1023;550
0;551
1023;551
0;552
1023;552
0;553
1023;553
0;554
1023;554
0;555
1023;555
0;556
1023;556
0;557
1023;557
0;558
1023;558
0;559
1023;559
0;560
1023;560
0;561
1023;561
0;562
1023;562
0;563
1023;563
0;564
1023;564
0;565
1023;565
0;566
1023;566
0;567
1023;567
0;568
1023;568
0;569
1023;569
0;570
1023;570
0;571
1023;571
0;572
1023;572
0;573
1023;573
0;574
1023;574
0;575
1023;575
0;576
1023;576
0;577
1023;577
0;578
1023;578
0;579
1023;579
0;580
1023;580
0;581
1023;581
0;582
1023;582
0;583
1023;583
0;584
1023;584
0;585
1023;585
0;586
1023;586
0;587
1023;587
0;588
1023;588
0;589
1023;589
0;590
1023;590
0;591
1023;591
0;592
1023;592
0;593
1023;593
0;594
1023;594
0;595
1023;595
0;596
1023;596
0;597
1023;597
0;598
1023;598
0;599
1023;599
0;600
1023;600
0;601
1023;601
0;602
1023;602
0;603
1023;603
0;604
1023;604
0;605
1023;605
0;606
1023;606
0;607
1023;607
0;608
1023;608
0;609
1023;609
0;610
1023;610
0;611
1023;611
0;612
1023;612
0;613
1023;613
0;614
1023;614
0;615
1023;615
0;616
1023;616
0;617
1023;617
0;618
1023;618
0;619
1023;619
0;620
1023;620
0;621
1023;621
0;622
1023;622
0;623
1023;623
0;624
1023;624
0;625
1023;625
0;626
1023;626
0;627
1023;627
0;628
1023;628
0;629
1023;629
0;630
1023;630
0;631
1023;631
0;632
1023;632
0;633
1023;633
0;634
1023;634
0;635
1023;635
0;636
1023;636
0;637
1023;637
0;638
1023;638
0;639
1023;639
0;640
1023;640
0;641
1023;641
0;642
1023;642
0;643
1023;643
0;644
1023;644
0;645
1023;645
0;646
1023;646
0;647
1023;647
0;648
1023;648
0;649
1023;649
0;650
1023;650
0;651
1023;651
0;652
1023;652
0;653
1023;653
0;654
1023;654
0;655
1023;655
0;656
1023;656
0;657
1023;657
0;658
1023;658
0;659
1023;659
0;660
1023;660
0;661
1023;661
0;662
1023;662
0;663
1023;663
0;664
1023;664
0;665
1023;665
0;666
1023;666
0;667
1023;667
0;668
1023;668
0;669
1023;669
0;670
1023;670
0;671
1023;671
0;672
1023;672
0;673
1023;673
0;674
1023;674
0;675
1023;675
0;676
1023;676
0;677
1023;677
0;678
1023;678
0;679
1023;679
0;680
1023;680
0;681
1023;681
0;682
1023;682
0;683
1023;683
0;684
1023;684
0;685
1023;685
0;686
1023;686
0;687
1023;687
0;688
1023;688
0;689
1023;689
0;690
1023;690
0;691
1023;691
0;692
1023;692
0;693
1023;693
0;694
1023;694
0;695
1023;695
0;696
1023;696
0;697
1023;697
0;698
1023;698
0;699
1023;699
0;700
1023;700
0;701
1023;701
0;702
1023;702
0;703
1023;703
0;704
1023;704
0;705
1023;705
0;706
1023;706
0;707
1023;707
0;708
1023;708
0;709
1023;709
0;710
1023;710
0;711
1023;711
0;712
1023;712
0;713
1023;713
0;714
1023;714
0;715
1023;715
0;716
1023;716
0;717
1023;717
0;718
1023;718
0;719
1023;719
0;720
1023;720
0;721
1023;721
0;722
1023;722
0;723
1023;723
0;724
1023;724
0;725
1023;725
0;726
1023;726
0;727
1023;727
0;728
1023;728
0;729
1023;729
0;730
1023;730
0;731
1023;731
0;732
1023;732
0;733
1023;733
0;734
1023;734
0;735
1023;735
0;736
1023;736
0;737
1023;737
0;738
1023;738
0;739
1023;739
0;740
1023;740
0;741
1023;741
0;742
1023;742
0;743
1023;743
0;744
1023;744
0;745
1023;745
0;746
1023;746
0;747
1023;747
0;748
1023;748
0;749
1023;749
0;750
1023;750
0;751
1023;751
0;752
1023;752
0;753
1023;753
0;754
1023;754
0;755
1023;755
0;756
1023;756
0;757
1023;757
0;758
1023;758
0;759
1023;759
0;760
1023;760
0;761
1023;761
0;762
1023;762
0;763
1023;763
0;764
1023;764
0;765
1;765
2;765
3;765
4;765
5;765
6;765
7;765
8;765
9;765
10;765
11;765
12;765
13;765
14;765
15;765
16;765
17;765
18;765
19;765
20;765
21;765
22;765
23;765
24;765
25;765
26;765
27;765
28;765
29;765
30;765
31;765
32;765
33;765
34;765
35;765
36;765
37;765
38;765
39;765
40;765
41;765
42;765
43;765
44;765
45;765
46;765
47;765
48;765
49;765
50;765
51;765
52;765
53;765
54;765
55;765
56;765
57;765
58;765
59;765
60;765
61;765
62;765
63;765
64;765
65;765
66;765
67;765
68;765
69;765
70;765
71;765
72;765
73;765
74;765
75;765
76;765
77;765
78;765
79;765
80;765
81;765
82;765
83;765
84;765
85;765
86;765
87;765
88;765
89;765
90;765
91;765
92;765
93;765
94;765
95;765
96;765
97;765
98;765
99;765
100;765
101;765
102;765
103;765
104;765
105;765
106;765
107;765
108;765
109;765
110;765
111;765
112;765
113;765
114;765
115;765
116;765
117;765
118;765
119;765
120;765
121;765
122;765
123;765
124;765
125;765
126;765
127;765
128;765
129;765
130;765
131;765
132;765
133;765
134;765
135;765
136;765
137;765
138;765
139;765
140;765
141;765
142;765
143;765
144;765
145;765
146;765
147;765
148;765
149;765
150;765
151;765
152;765
153;765
154;765
155;765
156;765
157;765
158;765
159;765
160;765
161;765
162;765
163;765
164;765
165;765
166;765
167;765
168;765
169;765
170;765
171;765
172;765
173;765
174;765
175;765
176;765
177;765
178;765
179;765
180;765
181;765
182;765
183;765
184;765
185;765
186;765
187;765
188;765
189;765
190;765
191;765
192;765
193;765
194;765
195;765
196;765
197;765
198;765
199;765
200;765
201;765
202;765
203;765
204;765
205;765
206;765
207;765
208;765
209;765
210;765
211;765
212;765
213;765
214;765
215;765
216;765
217;765
218;765
219;765
220;765
221;765
222;765
223;765
224;765
225;765
226;765
227;765
228;765
229;765
230;765
231;765
232;765
233;765
234;765
235;765
236;765
237;765
238;765
239;765
240;765
241;765
242;765
243;765
244;765
245;765
246;765
247;765
248;765
249;765
250;765
251;765
252;765
253;765
254;765
255;765
256;765
257;765
258;765
259;765
260;765
261;765
262;765
263;765
264;765
265;765
266;765
267;765
268;765
269;765
270;765
271;765
272;765
273;765
274;765
275;765
276;765
277;765
278;765
279;765
280;765
281;765
282;765
283;765
284;765
285;765
286;765
287;765
288;765
289;765
290;765
291;765
292;765
293;765
294;765
295;765
296;765
297;765
298;765
299;765
300;765
301;765
302;765
303;765
304;765
305;765
306;765
307;765
308;765
309;765
310;765
311;765
312;765
313;765
314;765
315;765
316;765
317;765
318;765
319;765
320;765
321;765
322;765
323;765
324;765
325;765
326;765
327;765
328;765
329;765
330;765
331;765
332;765
333;765
334;765
335;765
336;765
337;765
338;765
339;765
340;765
341;765
342;765
343;765
344;765
345;765
346;765
347;765
348;765
349;765
350;765
351;765
352;765
353;765
354;765
355;765
356;765
357;765
358;765
359;765
360;765
361;765
362;765
363;765
364;765
365;765
366;765
367;765
368;765
369;765
370;765
371;765
372;765
373;765
374;765
375;765
376;765
377;765
378;765
379;765
380;765
381;765
382;765
383;765
384;765
385;765
386;765
387;765
388;765
389;765
390;765
391;765
392;765
393;765
394;765
395;765
396;765
397;765
398;765
399;765
400;765
401;765
402;765
403;765
404;765
405;765
406;765
407;765
408;765
409;765
410;765
411;765
412;765
413;765
414;765
415;765
416;765
417;765
418;765
419;765
420;765
421;765
422;765
423;765
424;765
425;765
426;765
427;765
428;765
429;765
430;765
431;765
432;765
433;765
434;765
435;765
436;765
437;765
438;765
439;765
440;765
441;765
442;765
443;765
444;765
445;765
446;765
447;765
448;765
449;765
450;765
451;765
452;765
453;765
454;765
455;765
456;765
457;765
458;765
459;765
460;765
461;765
462;765
463;765
464;765
465;765
466;765
467;765
468;765
469;765
470;765
471;765
472;765
473;765
474;765
475;765
476;765
477;765
478;765
479;765
480;765
481;765
482;765
483;765
484;765
485;765
486;765
487;765
488;765
489;765
490;765
491;765
492;765
493;765
494;765
495;765
496;765
497;765
498;765
499;765
500;765
501;765
502;765
503;765
504;765
505;765
506;765
507;765
508;765
509;765
510;765
511;765
512;765
513;765
514;765
515;765
516;765
517;765
518;765
519;765
520;765
521;765
522;765
523;765
524;765
525;765
526;765
527;765
528;765
529;765
530;765
531;765
532;765
533;765
534;765
535;765
536;765
537;765
538;765
539;765
540;765
541;765
542;765
543;765
544;765
545;765
546;765
547;765
548;765
549;765
550;765
551;765
552;765
553;765
554;765
555;765
556;765
557;765
558;765
559;765
560;765
561;765
562;765
563;765
564;765
565;765
566;765
567;765
568;765
569;765
570;765
571;765
572;765
573;765
574;765
575;765
576;765
577;765
578;765
579;765
580;765
581;765
582;765
583;765
584;765
585;765
586;765
587;765
588;765
589;765
590;765
591;765
592;765
593;765
594;765
595;765
596;765
597;765
598;765
599;765
600;765
601;765
602;765
603;765
604;765
605;765
606;765
607;765
608;765
609;765
610;765
611;765
612;765
613;765
614;765
615;765
616;765
617;765
618;765
619;765
620;765
621;765
622;765
623;765
624;765
625;765
626;765
627;765
628;765
629;765
630;765
631;765
632;765
633;765
634;765
635;765
636;765
637;765
638;765
639;765
640;765
641;765
642;765
643;765
644;765
645;765
646;765
647;765
648;765
649;765
650;765
651;765
652;765
653;765
654;765
655;765
656;765
657;765
658;765
659;765
660;765
661;765
662;765
663;765
664;765
665;765
666;765
667;765
668;765
669;765
670;765
671;765
672;765
673;765
674;765
675;765
676;765
677;765
678;765
679;765
680;765
681;765
682;765
683;765
684;765
685;765
686;765
687;765
688;765
689;765
690;765
691;765
692;765
693;765
694;765
695;765
696;765
697;765
698;765
699;765
700;765
701;765
702;765
703;765
704;765
705;765
706;765
707;765
708;765
709;765
710;765
711;765
712;765
713;765
714;765
715;765
716;765
717;765
718;765
719;765
720;765
721;765
722;765
723;765
724;765
725;765
726;765
727;765
728;765
729;765
730;765
731;765
732;765
733;765
734;765
735;765
736;765
737;765
738;765
739;765
740;765
741;765
742;765
743;765
744;765
745;765
746;765
747;765
748;765
749;765
750;765
751;765
752;765
753;765
754;765
755;765
756;765
757;765
758;765
759;765
760;765
761;765
762;765
763;765
764;765
765;765
766;765
767;765
768;765
769;765
770;765
771;765
772;765
773;765
774;765
775;765
776;765
777;765
778;765
779;765
780;765
781;765
782;765
783;765
784;765
785;765
786;765
787;765
788;765
789;765
790;765
791;765
792;765
793;765
794;765
795;765
796;765
797;765
798;765
799;765
800;765
801;765
802;765
803;765
804;765
805;765
806;765
807;765
808;765
809;765
810;765
811;765
812;765
813;765
814;765
815;765
816;765
817;765
818;765
819;765
820;765
821;765
822;765
823;765
824;765
825;765
826;765
827;765
828;765
829;765
830;765
831;765
832;765
833;765
834;765
835;765
836;765
837;765
838;765
839;765
840;765
841;765
842;765
843;765
844;765
845;765
846;765
847;765
848;765
849;765
850;765
851;765
852;765
853;765
854;765
855;765
856;765
857;765
858;765
859;765
860;765
861;765
862;765
863;765
864;765
865;765
866;765
867;765
868;765
869;765
870;765
871;765
872;765
873;765
874;765
875;765
876;765
877;765
878;765
879;765
880;765
881;765
882;765
883;765
884;765
885;765
886;765
887;765
888;765
889;765
890;765
891;765
892;765
893;765
894;765
895;765
896;765
897;765
898;765
899;765
900;765
901;765
902;765
903;765
904;765
905;765
906;765
907;765
908;765
909;765
910;765
911;765
912;765
913;765
914;765
915;765
916;765
917;765
918;765
919;765
920;765
921;765
922;765
923;765
924;765
925;765
926;765
927;765
928;765
929;765
930;765
931;765
932;765
933;765
934;765
935;765
936;765
937;765
938;765
939;765
940;765
941;765
942;765
943;765
944;765
945;765
946;765
947;765
948;765
949;765
950;765
951;765
952;765
953;765
954;765
955;765
956;765
957;765
958;765
959;765
960;765
961;765
962;765
963;765
964;765
965;765
966;765
967;765
968;765
969;765
970;765
971;765
972;765
973;765
974;765
975;765
976;765
977;765
978;765
979;765
980;765
981;765
982;765
983;765
984;765
985;765
986;765
987;765
988;765
989;765
990;765
991;765
992;765
993;765
994;765
995;765
996;765
997;765
998;765
999;765
1000;765
1001;765
1002;765
1003;765
1004;765
1005;765
1006;765
1007;765
1008;765
1009;765
1010;765
1011;765
1012;765
1013;765
1014;765
1015;765
1016;765
1017;765
1018;765
1019;765
1020;765
1021;765
1022;765
1023;765
268