327
2
807;765
808;765
15
577;761
578;761
577;762
578;762
577;763
578;763
579;763
577;764
578;764
579;764
580;764
577;765
578;765
579;765
580;765
2
163;745
163;746
16
548;742
549;742
550;742
551;742
546;743
547;743
548;743
549;743
550;743
551;743
546;744
547;744
548;744
549;744
550;744
546;745
2
536;737
537;737
2
774;734
774;735
14
445;717
446;717
444;718
445;718
446;718
447;718
444;719
445;719
446;719
447;719
444;720
445;720
446;720
447;720
1
625;714
1
694;710
4
776;707
777;707
777;708
777;709
1
735;706
20
486;706
487;706
486;707
487;707
488;707
486;708
487;708
488;708
489;708
486;709
487;709
488;709
489;709
486;710
487;710
488;710
489;710
486;711
487;711
488;711
4
673;704
674;704
674;705
675;705
18
786;700
787;700
786;701
787;701
788;701
789;701
790;701
786;702
787;702
788;702
789;702
790;702
786;703
787;703
788;703
789;703
787;704
788;704
3
677;691
677;692
677;693
11
783;690
784;690
783;691
784;691
782;692
783;692
782;693
783;693
782;694
783;694
783;695
10
468;684
467;685
468;685
469;685
468;686
469;686
468;687
469;687
470;687
469;688
10
824;682
825;682
826;682
827;682
824;683
825;683
826;683
827;683
825;684
826;684
1
811;682
1
804;674
1
802;672
3
851;668
851;669
852;669
6
182;667
182;668
182;669
182;670
183;670
183;671
3
588;664
588;665
588;666
5
71;663
72;663
73;663
71;664
72;664
12
473;660
473;661
474;661
475;661
474;662
475;662
476;662
475;663
476;663
477;663
476;664
477;664
2
166;649
167;649
1
164;647
2
173;645
173;646
1
708;642
4
193;642
193;643
194;643
193;644
1
709;641
1
593;639
1
592;638
1
729;634
2
792;620
793;620
1
340;620
13
324;617
325;617
323;618
324;618
325;618
326;618
324;619
325;619
326;619
324;620
325;620
326;620
327;620
1
706;610
1
505;608
12
574;607
575;607
576;607
573;608
574;608
575;608
576;608
574;609
575;609
576;609
577;609
576;610
3
96;606
97;606
96;607
12
479;604
478;605
479;605
477;606
478;606
477;607
478;607
476;608
477;608
476;609
477;609
476;610
3
153;600
154;600
154;601
3
357;588
357;589
357;590
1
356;587
1
310;581
9
867;578
868;578
869;578
869;579
870;579
871;579
870;580
871;580
872;580
2
551;578
551;579
1
550;577
1
522;570
1
508;564
1
542;563
2
845;559
845;560
1
647;548
32
507;545
507;546
507;547
507;548
508;548
507;549
508;549
509;549
510;549
507;550
508;550
509;550
510;550
507;551
508;551
509;551
510;551
511;551
507;552
508;552
509;552
510;552
511;552
512;552
513;552
508;553
509;553
510;553
511;553
512;553
513;553
513;554
1
717;544
8
323;539
324;539
322;540
323;540
324;540
325;540
326;540
326;541
21
516;538
517;538
518;538
519;538
516;539
517;539
518;539
519;539
517;540
518;540
519;540
520;540
517;541
518;541
519;541
520;541
521;541
517;542
518;542
519;542
520;542
1
695;533
11
378;530
379;530
378;531
379;531
378;532
379;532
377;533
378;533
379;533
377;534
378;534
3
449;527
449;528
449;529
2
747;524
748;524
14
149;522
150;522
149;523
150;523
151;523
150;524
151;524
152;524
150;525
151;525
152;525
153;525
151;526
152;526
7
686;518
686;519
686;520
687;520
687;521
688;521
688;522
50
474;518
474;519
475;519
476;519
477;519
474;520
475;520
476;520
477;520
478;520
474;521
475;521
476;521
477;521
478;521
479;521
474;522
475;522
476;522
477;522
478;522
479;522
474;523
475;523
476;523
477;523
478;523
479;523
474;524
475;524
476;524
477;524
478;524
479;524
473;525
474;525
475;525
476;525
477;525
478;525
479;525
475;526
476;526
477;526
478;526
475;527
476;527
477;527
475;528
476;528
39
504;513
504;514
505;514
504;515
505;515
506;515
507;515
504;516
505;516
506;516
507;516
508;516
504;517
505;517
506;517
507;517
508;517
503;518
504;518
505;518
506;518
507;518
508;518
504;519
505;519
506;519
507;519
504;520
505;520
506;520
507;520
504;521
505;521
506;521
507;521
505;522
506;522
507;522
507;523
1
631;499
2
838;497
839;497
56
225;496
226;496
227;496
225;497
226;497
227;497
226;498
227;498
228;498
226;499
227;499
228;499
229;499
226;500
227;500
228;500
229;500
227;501
228;501
229;501
230;501
227;502
228;502
229;502
230;502
227;503
228;503
229;503
230;503
227;504
228;504
229;504
230;504
231;504
227;505
228;505
229;505
230;505
231;505
227;506
228;506
229;506
230;506
231;506
227;507
228;507
229;507
230;507
231;507
228;508
229;508
230;508
231;508
229;509
230;509
231;509
1
828;482
7
308;482
307;483
308;483
305;484
306;484
307;484
308;484
1
826;481
12
539;477
540;477
541;477
539;478
540;478
541;478
542;478
543;478
541;479
542;479
543;479
542;480
5
409;477
410;477
409;478
410;478
410;479
8
357;477
358;477
357;478
358;478
357;479
358;479
357;480
358;480
5
799;473
799;474
799;475
800;475
800;476
2
798;471
798;472
1
575;471
7
432;471
431;472
432;472
433;472
431;473
432;473
433;473
19
240;471
239;472
240;472
239;473
240;473
238;474
239;474
240;474
236;475
237;475
238;475
239;475
236;476
237;476
238;476
239;476
237;477
238;477
238;478
2
531;468
531;469
7
152;466
151;467
152;467
151;468
152;468
151;469
152;469
1
245;465
38
713;460
714;460
715;460
712;461
713;461
714;461
715;461
711;462
712;462
713;462
714;462
715;462
711;463
712;463
713;463
714;463
715;463
711;464
712;464
713;464
711;465
712;465
713;465
710;466
711;466
712;466
713;466
709;467
710;467
711;467
712;467
713;467
708;468
709;468
710;468
711;468
712;468
708;469
7
479;459
478;460
479;460
477;461
478;461
479;461
478;462
5
462;459
462;460
463;460
463;461
464;461
14
794;457
794;458
795;458
796;458
797;458
795;459
796;459
797;459
795;460
796;460
797;460
798;460
797;461
798;461
3
532;457
533;457
533;458
15
397;457
398;457
399;457
400;457
401;457
398;458
399;458
400;458
401;458
398;459
399;459
400;459
401;459
399;460
400;460
1
481;456
1
521;455
1
520;454
1
588;447
7
126;442
127;442
128;442
126;443
127;443
128;443
129;443
4
305;439
305;440
306;440
305;441
1
601;437
27
406;437
407;437
406;438
407;438
406;439
407;439
408;439
406;440
407;440
408;440
406;441
407;441
408;441
409;441
408;442
409;442
408;443
409;443
408;444
409;444
408;445
409;445
408;446
409;446
408;447
409;447
408;448
8
673;435
673;436
672;437
673;437
674;437
672;438
673;438
674;438
1
297;434
2
421;432
422;432
9
774;429
775;429
776;429
775;430
776;430
775;431
776;431
776;432
777;432
1
285;429
5
477;427
477;428
478;428
477;429
478;429
20
454;425
455;425
456;425
457;425
454;426
455;426
456;426
457;426
453;427
454;427
455;427
456;427
452;428
453;428
454;428
455;428
452;429
453;429
454;429
452;430
10
91;423
92;423
92;424
93;424
94;424
94;425
95;425
94;426
95;426
96;426
7
419;419
419;420
420;420
419;421
420;421
421;421
420;422
15
55;418
53;419
54;419
55;419
56;419
52;420
53;420
54;420
55;420
56;420
52;421
53;421
54;421
55;421
54;422
9
391;417
392;417
393;417
394;417
393;418
394;418
395;418
394;419
395;419
6
832;414
833;414
834;414
833;415
834;415
834;416
1
835;413
2
461;405
461;406
5
314;404
314;405
315;405
314;406
315;406
1
464;399
2
122;397
123;397
1
126;396
1
127;395
2
105;393
106;393
1
754;391
2
508;387
508;388
4
25;387
25;388
25;389
25;390
35
421;380
419;381
420;381
421;381
422;381
418;382
419;382
420;382
421;382
422;382
423;382
417;383
418;383
419;383
420;383
421;383
422;383
423;383
418;384
419;384
420;384
421;384
422;384
423;384
424;384
419;385
420;385
421;385
422;385
423;385
424;385
420;386
421;386
422;386
423;386
12
395;374
396;374
393;375
394;375
395;375
396;375
391;376
392;376
393;376
394;376
391;377
392;377
3
862;366
862;367
863;367
13
0;366
0;367
1;367
0;368
1;368
2;368
0;369
1;369
2;369
0;370
1;370
2;370
3;370
7
550;364
551;364
550;365
551;365
551;366
551;367
552;367
1
984;356
2
379;356
380;356
1
309;353
3
431;352
430;353
431;353
1
228;352
5
295;348
295;349
296;349
295;350
296;350
37
7;348
4;349
5;349
6;349
7;349
0;350
1;350
2;350
3;350
4;350
5;350
6;350
7;350
0;351
1;351
2;351
3;351
4;351
5;351
6;351
7;351
0;352
1;352
2;352
3;352
4;352
5;352
6;352
0;353
1;353
2;353
3;353
4;353
0;354
1;354
2;354
3;354
4
686;344
685;345
686;345
686;346
4
9;341
10;341
9;342
10;342
6
371;339
370;340
371;340
372;340
371;341
372;341
1
50;339
1
18;339
1
51;338
12
265;336
266;336
267;336
265;337
266;337
267;337
264;338
265;338
266;338
267;338
264;339
265;339
6
250;334
250;335
251;335
250;336
251;336
251;337
15
24;332
23;333
24;333
25;333
23;334
24;334
25;334
26;334
23;335
24;335
25;335
26;335
23;336
24;336
25;336
1
600;331
24
561;331
562;331
563;331
561;332
562;332
563;332
561;333
562;333
563;333
564;333
565;333
566;333
567;333
561;334
562;334
563;334
564;334
565;334
566;334
567;334
565;335
566;335
567;335
568;335
8
388;329
389;329
388;330
389;330
390;330
389;331
390;331
391;331
18
173;329
174;329
175;329
173;330
174;330
175;330
176;330
174;331
175;331
176;331
177;331
176;332
177;332
178;332
177;333
178;333
178;334
179;334
11
118;329
118;330
119;330
118;331
119;331
120;331
118;332
119;332
118;333
118;334
118;335
3
116;327
117;327
117;328
21
306;325
307;325
308;325
305;326
306;326
307;326
308;326
309;326
305;327
306;327
307;327
308;327
309;327
310;327
311;327
312;327
313;327
314;327
315;327
315;328
315;329
9
103;325
104;325
102;326
103;326
104;326
102;327
103;327
104;327
105;327
6
0;325
1;325
0;326
1;326
0;327
0;328
1
759;324
4
231;320
232;320
233;320
233;321
7
401;319
402;319
403;319
400;320
401;320
402;320
401;321
40
157;319
158;319
159;319
155;320
156;320
157;320
158;320
159;320
160;320
153;321
154;321
155;321
156;321
157;321
158;321
159;321
160;321
161;321
154;322
155;322
156;322
157;322
158;322
159;322
160;322
154;323
155;323
156;323
157;323
158;323
159;323
160;323
155;324
156;324
157;324
158;324
159;324
156;325
157;325
158;325
7
289;318
290;318
291;318
289;319
290;319
291;319
290;320
1
571;317
2
312;316
312;317
18
221;314
222;314
223;314
221;315
222;315
223;315
224;315
225;315
221;316
222;316
223;316
224;316
225;316
221;317
222;317
223;317
224;317
225;317
9
234;311
235;311
234;312
235;312
236;312
234;313
235;313
234;314
234;315
14
171;309
171;310
171;311
171;312
171;313
171;314
171;315
172;315
173;315
171;316
172;316
173;316
172;317
173;317
12
76;307
77;307
75;308
76;308
77;308
78;308
77;309
78;309
79;309
78;310
79;310
79;311
1
38;307
10
164;304
164;305
165;305
165;306
166;306
167;306
165;307
166;307
167;307
167;308
7
318;302
319;302
320;302
317;303
318;303
319;303
320;303
8
341;299
342;299
341;300
342;300
343;300
341;301
342;301
343;301
1
460;296
4
546;295
547;295
547;296
548;296
1
461;295
13
42;292
43;292
44;292
45;292
42;293
43;293
44;293
45;293
43;294
44;294
45;294
46;294
43;295
6
748;289
749;289
750;289
749;290
750;290
751;290
12
0;284
1;284
2;284
3;284
0;285
1;285
2;285
3;285
4;285
5;285
6;285
7;285
17
208;274
209;274
210;274
207;275
208;275
209;275
210;275
211;275
212;275
213;275
207;276
208;276
209;276
210;276
211;276
212;276
213;276
4
80;274
81;274
80;275
81;275
2
187;273
188;273
16
42;271
43;271
41;272
42;272
43;272
44;272
41;273
42;273
43;273
44;273
41;274
42;274
43;274
44;274
43;275
44;275
2
178;270
179;270
3
138;270
138;271
139;271
12
441;269
442;269
443;269
444;269
440;270
441;270
442;270
443;270
440;271
441;271
442;271
441;272
1
177;269
19
314;268
315;268
316;268
317;268
318;268
319;268
320;268
315;269
316;269
317;269
318;269
319;269
315;270
316;270
317;270
318;270
316;271
317;271
318;271
2
118;267
119;267
8
456;264
457;264
455;265
456;265
457;265
458;265
455;266
456;266
1
207;264
5
198;264
199;264
198;265
199;265
199;266
5
99;264
97;265
98;265
99;265
100;265
15
309;263
310;263
311;263
309;264
310;264
311;264
309;265
310;265
311;265
309;266
310;266
311;266
309;267
310;267
311;267
3
543;258
543;259
543;260
9
132;257
133;257
132;258
133;258
134;258
132;259
133;259
134;259
133;260
17
68;256
69;256
68;257
69;257
70;257
68;258
69;258
68;259
69;259
68;260
69;260
68;261
69;261
68;262
69;262
69;263
69;264
1
67;255
13
108;254
109;254
107;255
108;255
109;255
107;256
108;256
109;256
107;257
108;257
109;257
108;258
109;258
11
118;251
119;251
117;252
118;252
119;252
120;252
117;253
118;253
119;253
120;253
120;254
28
0;249
1;249
2;249
3;249
4;249
5;249
6;249
0;250
1;250
2;250
3;250
4;250
5;250
6;250
7;250
0;251
1;251
2;251
3;251
4;251
5;251
6;251
0;252
1;252
2;252
3;252
4;252
5;252
5
16;245
17;245
17;246
18;246
18;247
4
75;244
75;245
76;245
76;246
5
165;243
166;243
165;244
166;244
165;245
1
274;242
2
27;242
28;242
20
566;241
565;242
566;242
567;242
564;243
565;243
566;243
567;243
568;243
564;244
565;244
566;244
567;244
568;244
564;245
565;245
566;245
567;245
568;245
566;246
2
275;240
275;241
10
468;235
468;236
468;237
468;238
468;239
468;240
468;241
468;242
467;243
468;243
32
471;229
472;229
473;229
470;230
471;230
472;230
473;230
474;230
470;231
471;231
472;231
473;231
474;231
475;231
469;232
470;232
471;232
472;232
473;232
474;232
475;232
469;233
470;233
471;233
472;233
473;233
474;233
475;233
469;234
470;234
471;234
472;234
11
550;228
551;228
549;229
550;229
551;229
552;229
549;230
550;230
551;230
552;230
553;230
7
62;228
60;229
61;229
62;229
60;230
61;230
62;230
1
856;225
5
292;225
293;225
294;225
293;226
294;226
2
854;224
855;224
3
510;222
510;223
510;224
6
277;216
278;216
279;216
277;217
278;217
279;217
1
82;215
1
81;214
2
36;214
37;214
53
503;213
504;213
500;214
501;214
502;214
503;214
504;214
505;214
499;215
500;215
501;215
502;215
503;215
504;215
505;215
506;215
499;216
500;216
501;216
502;216
503;216
504;216
505;216
506;216
500;217
501;217
502;217
503;217
504;217
505;217
506;217
507;217
502;218
503;218
504;218
505;218
506;218
507;218
508;218
502;219
503;219
504;219
505;219
506;219
507;219
508;219
509;219
504;220
505;220
506;220
507;220
508;220
509;220
12
177;211
177;212
177;213
178;213
176;214
177;214
178;214
179;214
178;215
179;215
179;216
180;216
1
780;198
44
184;197
184;198
184;199
184;200
184;201
185;201
186;201
184;202
185;202
186;202
187;202
184;203
185;203
186;203
187;203
188;203
184;204
185;204
186;204
187;204
188;204
189;204
188;205
189;205
190;205
188;206
189;206
190;206
188;207
189;207
190;207
188;208
189;208
190;208
190;209
191;209
190;210
191;210
190;211
191;211
190;212
191;212
190;213
191;213
1
779;196
3
747;194
747;195
747;196
13
217;193
218;193
217;194
218;194
217;195
218;195
217;196
218;196
217;197
218;197
216;198
217;198
218;198
17
153;190
154;190
155;190
156;190
153;191
154;191
155;191
156;191
157;191
153;192
154;192
155;192
156;192
157;192
154;193
155;193
156;193
27
334;189
335;189
336;189
337;189
333;190
334;190
335;190
336;190
337;190
333;191
334;191
335;191
336;191
337;191
338;191
339;191
340;191
341;191
342;191
343;191
339;192
340;192
341;192
342;192
340;193
341;193
340;194
5
724;187
725;187
725;188
726;188
726;189
25
426;186
427;186
425;187
426;187
427;187
428;187
429;187
425;188
426;188
427;188
428;188
429;188
430;188
426;189
427;189
428;189
429;189
430;189
427;190
428;190
429;190
430;190
431;190
428;191
429;191
2
723;185
723;186
3
182;185
183;185
182;186
4
277;184
278;184
277;185
277;186
72
97;181
96;182
97;182
98;182
96;183
97;183
98;183
96;184
97;184
98;184
95;185
96;185
97;185
92;186
93;186
94;186
95;186
96;186
86;187
87;187
88;187
89;187
90;187
91;187
92;187
93;187
94;187
86;188
87;188
88;188
89;188
90;188
86;189
87;189
88;189
89;189
90;189
86;190
87;190
88;190
89;190
90;190
86;191
87;191
88;191
89;191
90;191
86;192
87;192
88;192
89;192
90;192
86;193
87;193
88;193
89;193
90;193
86;194
87;194
88;194
89;194
90;194
89;195
90;195
89;196
90;196
91;196
92;196
93;196
90;197
91;197
92;197
23
77;181
78;181
79;181
77;182
78;182
79;182
80;182
78;183
79;183
80;183
81;183
78;184
79;184
80;184
81;184
82;184
79;185
80;185
81;185
82;185
81;186
82;186
83;186
39
556;180
557;180
558;180
559;180
555;181
556;181
557;181
558;181
559;181
560;181
561;181
562;181
555;182
556;182
557;182
558;182
559;182
560;182
561;182
562;182
563;182
555;183
556;183
557;183
558;183
559;183
560;183
561;183
562;183
563;183
564;183
558;184
559;184
560;184
561;184
562;184
559;185
560;185
561;185
1
728;177
1
113;177
2
729;176
730;176
2
302;175
302;176
24
240;173
241;173
239;174
240;174
241;174
242;174
239;175
240;175
241;175
242;175
239;176
240;176
241;176
242;176
243;176
239;177
240;177
241;177
242;177
243;177
241;178
242;178
243;178
244;178
1
428;172
35
106;167
107;167
108;167
109;167
110;167
105;168
106;168
107;168
108;168
109;168
110;168
102;169
103;169
104;169
105;169
106;169
107;169
108;169
109;169
110;169
111;169
104;170
105;170
106;170
107;170
108;170
109;170
110;170
111;170
110;171
111;171
111;172
111;173
111;174
111;175
6
283;166
284;166
283;167
284;167
284;168
285;168
2
686;165
687;165
19
306;165
307;165
308;165
306;166
307;166
308;166
306;167
307;167
308;167
305;168
306;168
307;168
308;168
304;169
305;169
306;169
304;170
303;171
304;171
32
220;161
221;161
222;161
223;161
224;161
219;162
220;162
221;162
222;162
223;162
224;162
214;163
215;163
216;163
217;163
218;163
219;163
220;163
221;163
222;163
223;163
224;163
219;164
220;164
221;164
222;164
223;164
224;164
221;165
222;165
223;165
224;165
3
228;154
229;154
228;155
1
474;151
55
259;151
260;151
261;151
262;151
263;151
264;151
265;151
266;151
259;152
260;152
261;152
262;152
263;152
264;152
265;152
259;153
260;153
261;153
262;153
263;153
264;153
265;153
259;154
260;154
261;154
262;154
263;154
264;154
265;154
259;155
260;155
261;155
262;155
263;155
264;155
265;155
260;156
261;156
262;156
263;156
264;156
265;156
260;157
261;157
262;157
263;157
264;157
265;157
260;158
261;158
262;158
263;158
264;158
265;158
264;159
25
274;146
275;146
276;146
277;146
270;147
271;147
272;147
273;147
274;147
275;147
276;147
277;147
278;147
269;148
270;148
271;148
272;148
273;148
274;148
275;148
276;148
277;148
278;148
277;149
278;149
2
327;144
327;145
48
191;144
191;145
191;146
190;147
191;147
190;148
191;148
192;148
190;149
191;149
192;149
193;149
190;150
191;150
192;150
193;150
194;150
190;151
191;151
192;151
193;151
194;151
195;151
190;152
191;152
192;152
193;152
194;152
195;152
189;153
190;153
191;153
192;153
193;153
194;153
195;153
190;154
191;154
192;154
193;154
194;154
195;154
192;155
193;155
194;155
195;155
193;156
194;156
3
467;142
468;142
468;143
1
326;142
10
206;142
206;143
206;144
207;144
206;145
207;145
208;145
206;146
207;146
208;146
1
325;141
63
495;140
496;140
497;140
495;141
496;141
497;141
498;141
495;142
496;142
497;142
498;142
495;143
496;143
497;143
498;143
494;144
495;144
496;144
497;144
498;144
493;145
494;145
495;145
496;145
497;145
498;145
492;146
493;146
494;146
495;146
496;146
497;146
498;146
489;147
490;147
491;147
492;147
493;147
494;147
495;147
496;147
497;147
498;147
489;148
490;148
491;148
492;148
493;148
494;148
495;148
496;148
497;148
498;148
499;148
491;149
492;149
493;149
494;149
495;149
496;149
497;149
498;149
499;149
1
324;140
1
220;140
1
221;139
6
146;138
147;138
145;139
146;139
146;140
146;141
1
627;137
36
200;136
201;136
199;137
200;137
201;137
193;138
194;138
195;138
196;138
197;138
198;138
199;138
200;138
201;138
202;138
193;139
194;139
195;139
196;139
197;139
198;139
199;139
200;139
201;139
202;139
203;139
204;139
201;140
202;140
203;140
204;140
205;140
202;141
203;141
204;141
205;141
26
87;136
88;136
89;136
90;136
91;136
88;137
89;137
90;137
91;137
92;137
93;137
94;137
90;138
91;138
92;138
93;138
94;138
90;139
91;139
92;139
93;139
94;139
91;140
92;140
93;140
94;140
11
163;135
163;136
161;137
162;137
163;137
161;138
162;138
163;138
160;139
161;139
162;139
10
103;135
104;135
105;135
106;135
107;135
108;135
103;136
104;136
105;136
106;136
16
45;134
46;134
44;135
45;135
46;135
44;136
45;136
46;136
44;137
45;137
46;137
47;137
44;138
45;138
46;138
47;138
2
473;130
474;130
18
902;128
903;128
904;128
905;128
902;129
903;129
904;129
905;129
906;129
901;130
902;130
903;130
904;130
905;130
902;131
903;131
904;131
905;131
40
116;127
113;128
114;128
115;128
116;128
112;129
113;129
114;129
115;129
116;129
112;130
113;130
114;130
115;130
116;130
111;131
112;131
113;131
114;131
115;131
116;131
117;131
110;132
111;132
112;132
113;132
114;132
115;132
116;132
117;132
110;133
111;133
112;133
113;133
114;133
115;133
116;133
117;133
109;134
110;134
1
410;124
1
233;121
9
79;120
78;121
79;121
80;121
81;121
79;122
80;122
81;122
81;123
1
789;119
16
92;119
92;120
93;120
92;121
93;121
94;121
92;122
93;122
94;122
92;123
93;123
94;123
92;124
93;124
94;124
94;125
1
441;116
20
172;116
173;116
174;116
175;116
169;117
170;117
171;117
172;117
173;117
174;117
175;117
170;118
171;118
172;118
173;118
174;118
175;118
173;119
174;119
175;119
1
442;115
5
397;115
398;115
396;116
397;116
398;116
7
88;113
89;113
89;114
90;114
90;115
91;115
91;116
7
490;112
491;112
492;112
489;113
490;113
491;113
492;113
3
263;110
263;111
264;111
1
327;108
1
326;107
7
368;106
369;106
368;107
369;107
368;108
369;108
368;109
5
323;105
324;105
325;105
324;106
325;106
2
481;103
482;103
18
568;98
569;98
570;98
568;99
569;99
570;99
571;99
568;100
569;100
570;100
571;100
568;101
569;101
570;101
571;101
568;102
569;102
570;102
20
364;98
362;99
363;99
364;99
365;99
366;99
360;100
361;100
362;100
363;100
364;100
365;100
366;100
360;101
361;101
362;101
363;101
364;101
365;101
366;101
3
241;98
241;99
242;99
3
22;98
22;99
23;99
32
320;91
321;91
322;91
323;91
324;91
325;91
326;91
319;92
320;92
321;92
322;92
323;92
324;92
325;92
318;93
319;93
320;93
321;93
322;93
323;93
324;93
317;94
318;94
319;94
320;94
321;94
322;94
323;94
317;95
318;95
319;95
320;95
59
303;91
302;92
303;92
304;92
302;93
303;93
304;93
305;93
302;94
303;94
304;94
305;94
306;94
301;95
302;95
303;95
304;95
305;95
306;95
307;95
303;96
304;96
305;96
306;96
307;96
308;96
304;97
305;97
306;97
307;97
308;97
307;98
308;98
307;99
308;99
307;100
308;100
309;100
310;100
311;100
312;100
313;100
314;100
308;101
309;101
310;101
311;101
312;101
308;102
309;102
310;102
311;102
308;103
309;103
310;103
311;103
308;104
309;104
310;104
1
52;91
15
382;89
382;90
381;91
382;91
381;92
382;92
381;93
382;93
383;93
381;94
382;94
383;94
384;94
382;95
383;95
3
228;89
229;89
228;90
31
511;88
512;88
512;89
512;90
513;90
512;91
513;91
514;91
515;91
516;91
517;91
518;91
519;91
520;91
521;91
513;92
514;92
515;92
516;92
517;92
518;92
519;92
520;92
521;92
522;92
523;92
521;93
522;93
523;93
522;94
523;94
7
274;86
273;87
274;87
271;88
272;88
273;88
274;88
1
497;84
7
275;81
275;82
276;82
275;83
276;83
275;84
275;85
2
391;79
391;80
63
52;77
53;77
54;77
55;77
50;78
51;78
52;78
53;78
54;78
55;78
48;79
49;79
50;79
51;79
52;79
53;79
54;79
55;79
56;79
47;80
48;80
49;80
50;80
51;80
52;80
53;80
54;80
55;80
56;80
48;81
49;81
50;81
51;81
52;81
53;81
54;81
55;81
48;82
49;82
50;82
51;82
52;82
53;82
54;82
55;82
48;83
49;83
50;83
51;83
52;83
53;83
54;83
55;83
49;84
50;84
49;85
50;85
49;86
50;86
49;87
50;87
50;88
50;89
4
412;75
413;75
412;76
413;76
15
306;74
307;74
308;74
309;74
310;74
306;75
307;75
308;75
309;75
310;75
306;76
307;76
308;76
309;76
308;77
12
496;71
497;71
498;71
496;72
497;72
498;72
499;72
496;73
497;73
498;73
499;73
498;74
17
38;64
39;64
39;65
40;65
39;66
40;66
41;66
42;66
40;67
41;67
42;67
43;67
40;68
41;68
42;68
41;69
42;69
2
308;62
308;63
19
58;57
58;58
59;58
58;59
59;59
60;59
58;60
59;60
60;60
61;60
58;61
59;61
60;61
58;62
59;62
60;62
58;63
59;63
60;63
1
57;56
4
320;49
321;49
319;50
320;50
1
322;48
6
400;39
401;39
402;39
400;40
401;40
402;40
12
286;39
287;39
286;40
287;40
288;40
286;41
287;41
288;41
289;41
286;42
287;42
288;42
7
556;37
557;37
558;37
555;38
556;38
555;39
555;40
1
388;37
1
366;36
13
0;31
1;31
2;31
3;31
4;31
5;31
6;31
0;32
1;32
2;32
0;33
1;33
0;34
2
7;30
8;30
6
116;27
117;27
115;28
116;28
115;29
116;29
3
553;24
554;24
555;24
1
359;23
37
369;22
370;22
367;23
368;23
369;23
370;23
371;23
360;24
361;24
362;24
363;24
364;24
365;24
366;24
367;24
368;24
369;24
370;24
371;24
372;24
361;25
362;25
363;25
364;25
365;25
366;25
367;25
368;25
369;25
370;25
371;25
368;26
369;26
370;26
371;26
368;27
369;27
2
358;20
358;21
2
477;18
478;18
2
253;18
253;19
1
255;15
1
602;0
2
573;0
574;0
7
417;0
418;0
419;0
420;0
418;1
419;1
420;1
20
352;0
353;0
354;0
355;0
356;0
357;0
358;0
359;0
360;0
361;0
362;0
363;0
359;1
360;1
361;1
362;1
363;1
362;2
363;2
363;3
15
208;0
209;0
210;0
211;0
208;1
209;1
210;1
211;1
209;2
210;2
211;2
210;3
211;3
210;4
211;4
3576
0;0
1;0
2;0
3;0
4;0
5;0
6;0
7;0
8;0
9;0
10;0
11;0
12;0
13;0
14;0
15;0
16;0
17;0
18;0
19;0
20;0
21;0
22;0
23;0
24;0
25;0
26;0
27;0
28;0
29;0
30;0
31;0
32;0
33;0
34;0
35;0
36;0
37;0
38;0
39;0
40;0
41;0
42;0
43;0
44;0
45;0
46;0
47;0
48;0
49;0
50;0
51;0
52;0
53;0
54;0
55;0
56;0
57;0
58;0
59;0
60;0
61;0
62;0
63;0
64;0
65;0
66;0
67;0
68;0
69;0
70;0
71;0
72;0
73;0
74;0
75;0
76;0
77;0
78;0
79;0
80;0
81;0
82;0
83;0
84;0
85;0
86;0
87;0
88;0
89;0
90;0
91;0
92;0
93;0
94;0
95;0
96;0
97;0
98;0
99;0
100;0
101;0
102;0
103;0
104;0
105;0
106;0
107;0
108;0
109;0
110;0
111;0
112;0
113;0
114;0
115;0
116;0
117;0
118;0
119;0
120;0
121;0
122;0
123;0
124;0
125;0
126;0
127;0
128;0
129;0
130;0
131;0
132;0
133;0
134;0
135;0
136;0
137;0
138;0
139;0
140;0
141;0
142;0
143;0
144;0
145;0
146;0
147;0
148;0
149;0
150;0
151;0
152;0
153;0
154;0
155;0
156;0
157;0
158;0
159;0
160;0
161;0
162;0
163;0
164;0
165;0
166;0
167;0
168;0
169;0
170;0
171;0
172;0
173;0
174;0
175;0
176;0
177;0
178;0
179;0
180;0
181;0
182;0
183;0
184;0
185;0
186;0
187;0
188;0
189;0
190;0
191;0
192;0
193;0
194;0
195;0
196;0
197;0
198;0
199;0
200;0
201;0
202;0
203;0
204;0
205;0
206;0
207;0
208;0
209;0
210;0
211;0
212;0
213;0
214;0
215;0
216;0
217;0
218;0
219;0
220;0
221;0
222;0
223;0
224;0
225;0
226;0
227;0
228;0
229;0
230;0
231;0
232;0
233;0
234;0
235;0
236;0
237;0
238;0
239;0
240;0
241;0
242;0
243;0
244;0
245;0
246;0
247;0
248;0
249;0
250;0
251;0
252;0
253;0
254;0
255;0
256;0
257;0
258;0
259;0
260;0
261;0
262;0
263;0
264;0
265;0
266;0
267;0
268;0
269;0
270;0
271;0
272;0
273;0
274;0
275;0
276;0
277;0
278;0
279;0
280;0
281;0
282;0
283;0
284;0
285;0
286;0
287;0
288;0
289;0
290;0
291;0
292;0
293;0
294;0
295;0
296;0
297;0
298;0
299;0
300;0
301;0
302;0
303;0
304;0
305;0
306;0
307;0
308;0
309;0
310;0
311;0
312;0
313;0
314;0
315;0
316;0
317;0
318;0
319;0
320;0
321;0
322;0
323;0
324;0
325;0
326;0
327;0
328;0
329;0
330;0
331;0
332;0
333;0
334;0
335;0
336;0
337;0
338;0
339;0
340;0
341;0
342;0
343;0
344;0
345;0
346;0
347;0
348;0
349;0
350;0
351;0
352;0
353;0
354;0
355;0
356;0
357;0
358;0
359;0
360;0
361;0
362;0
363;0
364;0
365;0
366;0
367;0
368;0
369;0
370;0
371;0
372;0
373;0
374;0
375;0
376;0
377;0
378;0
379;0
380;0
381;0
382;0
383;0
384;0
385;0
386;0
387;0
388;0
389;0
390;0
391;0
392;0
393;0
394;0
395;0
396;0
397;0
398;0
399;0
400;0
401;0
402;0
403;0
404;0
405;0
406;0
407;0
408;0
409;0
410;0
411;0
412;0
413;0
414;0
415;0
416;0
417;0
418;0
419;0
420;0
421;0
422;0
423;0
424;0
425;0
426;0
427;0
428;0
429;0
430;0
431;0
432;0
433;0
434;0
435;0
436;0
437;0
438;0
439;0
440;0
441;0
442;0
443;0
444;0
445;0
446;0
447;0
448;0
449;0
450;0
451;0
452;0
453;0
454;0
455;0
456;0
457;0
458;0
459;0
460;0
461;0
462;0
463;0
464;0
465;0
466;0
467;0
468;0
469;0
470;0
471;0
472;0
473;0
474;0
475;0
476;0
477;0
478;0
479;0
480;0
481;0
482;0
483;0
484;0
485;0
486;0
487;0
488;0
489;0
490;0
491;0
492;0
493;0
494;0
495;0
496;0
497;0
498;0
499;0
500;0
501;0
502;0
503;0
504;0
505;0
506;0
507;0
508;0
509;0
510;0
511;0
512;0
513;0
514;0
515;0
516;0
517;0
518;0
519;0
520;0
521;0
522;0
523;0
524;0
525;0
526;0
527;0
528;0
529;0
530;0
531;0
532;0
533;0
534;0
535;0
536;0
537;0
538;0
539;0
540;0
541;0
542;0
543;0
544;0
545;0
546;0
547;0
548;0
549;0
550;0
551;0
552;0
553;0
554;0
555;0
556;0
557;0
558;0
559;0
560;0
561;0
562;0
563;0
564;0
565;0
566;0
567;0
568;0
569;0
570;0
571;0
572;0
573;0
574;0
575;0
576;0
577;0
578;0
579;0
580;0
581;0
582;0
583;0
584;0
585;0
586;0
587;0
588;0
589;0
590;0
591;0
592;0
593;0
594;0
595;0
596;0
597;0
598;0
599;0
600;0
601;0
602;0
603;0
604;0
605;0
606;0
607;0
608;0
609;0
610;0
611;0
612;0
613;0
614;0
615;0
616;0
617;0
618;0
619;0
620;0
621;0
622;0
623;0
624;0
625;0
626;0
627;0
628;0
629;0
630;0
631;0
632;0
633;0
634;0
635;0
636;0
637;0
638;0
639;0
640;0
641;0
642;0
643;0
644;0
645;0
646;0
647;0
648;0
649;0
650;0
651;0
652;0
653;0
654;0
655;0
656;0
657;0
658;0
659;0
660;0
661;0
662;0
663;0
664;0
665;0
666;0
667;0
668;0
669;0
670;0
671;0
672;0
673;0
674;0
675;0
676;0
677;0
678;0
679;0
680;0
681;0
682;0
683;0
684;0
685;0
686;0
687;0
688;0
689;0
690;0
691;0
692;0
693;0
694;0
695;0
696;0
697;0
698;0
699;0
700;0
701;0
702;0
703;0
704;0
705;0
706;0
707;0
708;0
709;0
710;0
711;0
712;0
713;0
714;0
715;0
716;0
717;0
718;0
719;0
720;0
721;0
722;0
723;0
724;0
725;0
726;0
727;0
728;0
729;0
730;0
731;0
732;0
733;0
734;0
735;0
736;0
737;0
738;0
739;0
740;0
741;0
742;0
743;0
744;0
745;0
746;0
747;0
748;0
749;0
750;0
751;0
752;0
753;0
754;0
755;0
756;0
757;0
758;0
759;0
760;0
761;0
762;0
763;0
764;0
765;0
766;0
767;0
768;0
769;0
770;0
771;0
772;0
773;0
774;0
775;0
776;0
777;0
778;0
779;0
780;0
781;0
782;0
783;0
784;0
785;0
786;0
787;0
788;0
789;0
790;0
791;0
792;0
793;0
794;0
795;0
796;0
797;0
798;0
799;0
800;0
801;0
802;0
803;0
804;0
805;0
806;0
807;0
808;0
809;0
810;0
811;0
812;0
813;0
814;0
815;0
816;0
817;0
818;0
819;0
820;0
821;0
822;0
823;0
824;0
825;0
826;0
827;0
828;0
829;0
830;0
831;0
832;0
833;0
834;0
835;0
836;0
837;0
838;0
839;0
840;0
841;0
842;0
843;0
844;0
845;0
846;0
847;0
848;0
849;0
850;0
851;0
852;0
853;0
854;0
855;0
856;0
857;0
858;0
859;0
860;0
861;0
862;0
863;0
864;0
865;0
866;0
867;0
868;0
869;0
870;0
871;0
872;0
873;0
874;0
875;0
876;0
877;0
878;0
879;0
880;0
881;0
882;0
883;0
884;0
885;0
886;0
887;0
888;0
889;0
890;0
891;0
892;0
893;0
894;0
895;0
896;0
897;0
898;0
899;0
900;0
901;0
902;0
903;0
904;0
905;0
906;0
907;0
908;0
909;0
910;0
911;0
912;0
913;0
914;0
915;0
916;0
917;0
918;0
919;0
920;0
921;0
922;0
923;0
924;0
925;0
926;0
927;0
928;0
929;0
930;0
931;0
932;0
933;0
934;0
935;0
936;0
937;0
938;0
939;0
940;0
941;0
942;0
943;0
944;0
945;0
946;0
947;0
948;0
949;0
950;0
951;0
952;0
953;0
954;0
955;0
956;0
957;0
958;0
959;0
960;0
961;0
962;0
963;0
964;0
965;0
966;0
967;0
968;0
969;0
970;0
971;0
972;0
973;0
974;0
975;0
976;0
977;0
978;0
979;0
980;0
981;0
982;0
983;0
984;0
985;0
986;0
987;0
988;0
989;0
990;0
991;0
992;0
993;0
994;0
995;0
996;0
997;0
998;0
999;0
1000;0
1001;0
1002;0
1003;0
1004;0
1005;0
1006;0
1007;0
1008;0
1009;0
1010;0
1011;0
1012;0
1013;0
1014;0
1015;0
1016;0
1017;0
1018;0
1019;0
1020;0
1021;0
1022;0
1023;0
0;1
1023;1
0;2
1023;2
0;3
1023;3
0;4
1023;4
0;5
1023;5
0;6
1023;6
0;7
1023;7
0;8
1023;8
0;9
1023;9
0;10
1023;10
0;11
1023;11
0;12
1023;12
0;13
1023;13
0;14
1023;14
0;15
1023;15
0;16
1023;16
0;17
1023;17
0;18
1023;18
0;19
1023;19
0;20
1023;20
0;21
1023;21
0;22
1023;22
0;23
1023;23
0;24
1023;24
0;25
1023;25
0;26
1023;26
0;27
1023;27
0;28
1023;28
0;29
1023;29
0;30
1023;30
0;31
1023;31
0;32
1023;32
0;33
1023;33
0;34
1023;34
0;35
1023;35
0;36
1023;36
0;37
1023;37
0;38
1023;38
0;39
1023;39
0;40
1023;40
0;41
1023;41
0;42
1023;42
0;43
1023;43
0;44
1023;44
0;45
1023;45
0;46
1023;46
0;47
1023;47
0;48
1023;48
0;49
1023;49
0;50
1023;50
0;51
1023;51
0;52
1023;52
0;53
1023;53
0;54
1023;54
0;55
1023;55
0;56
1023;56
0;57
1023;57
0;58
1023;58
0;59
1023;59
0;60
1023;60
0;61
1023;61
0;62
1023;62
0;63
1023;63
0;64
1023;64
0;65
1023;65
0;66
1023;66
0;67
1023;67
0;68
1023;68
0;69
1023;69
0;70
1023;70
0;71
1023;71
0;72
1023;72
0;73
1023;73
0;74
1023;74
0;75
1023;75
0;76
1023;76
0;77
1023;77
0;78
1023;78
0;79
1023;79
0;80
1023;80
0;81
1023;81
0;82
1023;82
0;83
1023;83
0;84
1023;84
0;85
1023;85
0;86
1023;86
0;87
1023;87
0;88
1023;88
0;89
1023;89
0;90
1023;90
0;91
1023;91
0;92
1023;92
0;93
1023;93
0;94
1023;94
0;95
1023;95
0;96
1023;96
0;97
1023;97
0;98
1023;98
0;99
1023;99
0;100
1023;100
0;101
1023;101
0;102
1023;102
0;103
1023;103
0;104
1023;104
0;105
1023;105
0;106
1023;106
0;107
1023;107
0;108
1023;108
0;109
1023;109
0;110
1023;110
0;111
1023;111
0;112
1023;112
0;113
1023;113
0;114
1023;114
0;115
1023;115
0;116
1023;116
0;117
1023;117
0;118
1023;118
0;119
1023;119
0;120
1023;120
0;121
1023;121
0;122
1023;122
0;123
1023;123
0;124
1023;124
0;125
1023;125
0;126
1023;126
0;127
1023;127
0;128
1023;128
0;129
1023;129
0;130
1023;130
0;131
1023;131
0;132
1023;132
0;133
1023;133
0;134
1023;134
0;135
1023;135
0;136
1023;136
0;137
1023;137
0;138
1023;138
0;139
1023;139
0;140
1023;140
0;141
1023;141
0;142
1023;142
0;143
1023;143
0;144
1023;144
0;145
1023;145
0;146
1023;146
0;147
1023;147
0;148
1023;148
0;149
1023;149
0;150
1023;150
0;151
1023;151
0;152
1023;152
0;153
1023;153
0;154
1023;154
0;155
1023;155
0;156
1023;156
0;157
1023;157
0;158
1023;158
0;159
1023;159
0;160
1023;160
0;161
1023;161
0;162
1023;162
0;163
1023;163
0;164
1023;164
0;165
1023;165
0;166
1023;166
0;167
1023;167
0;168
1023;168
0;169
1023;169
0;170
1023;170
0;171
1023;171
0;172
1023;172
0;173
1023;173
0;174
1023;174
0;175
1023;175
0;176
1023;176
0;177
1023;177
0;178
1023;178
0;179
1023;179
0;180
1023;180
0;181
1023;181
0;182
1023;182
0;183
1023;183
0;184
1023;184
0;185
1023;185
0;186
1023;186
0;187
1023;187
0;188
1023;188
0;189
1023;189
0;190
1023;190
0;191
1023;191
0;192
1023;192
0;193
1023;193
0;194
1023;194
0;195
1023;195
0;196
1023;196
0;197
1023;197
0;198
1023;198
0;199
1023;199
0;200
1023;200
0;201
1023;201
0;202
1023;202
0;203
1023;203
0;204
1023;204
0;205
1023;205
0;206
1023;206
0;207
1023;207
0;208
1023;208
0;209
1023;209
0;210
1023;210
0;211
1023;211
0;212
1023;212
0;213
1023;213
0;214
1023;214
0;215
1023;215
0;216
1023;216
0;217
1023;217
0;218
1023;218
0;219
1023;219
0;220
1023;220
0;221
1023;221
0;222
1023;222
0;223
1023;223
0;224
1023;224
0;225
1023;225
0;226
1023;226
0;227
1023;227
0;228
1023;228
0;229
1023;229
0;230
1023;230
0;231
1023;231
0;232
1023;232
0;233
1023;233
0;234
1023;234
0;235
1023;235
0;236
1023;236
0;237
1023;237
0;238
1023;238
0;239
1023;239
0;240
1023;240
0;241
1023;241
0;242
1023;242
0;243
1023;243
0;244
1023;244
0;245
1023;245
0;246
1023;246
0;247
1023;247
0;248
1023;248
0;249
1023;249
0;250
1023;250
0;251
1023;251
0;252
1023;252
0;253
1023;253
0;254
1023;254
0;255
1023;255
0;256
1023;256
0;257
1023;257
0;258
1023;258
0;259
1023;259
0;260
1023;260
0;261
1023;261
0;262
1023;262
0;263
1023;263
0;264
1023;264
0;265
1023;265
0;266
1023;266
0;267
1023;267
0;268
1023;268
0;269
1023;269
0;270
1023;270
0;271
1023;271
0;272
1023;272
0;273
1023;273
0;274
1023;274
0;275
1023;275
0;276
1023;276
0;277
1023;277
0;278
1023;278
0;279
1023;279
0;280
1023;280
0;281
1023;281
0;282
1023;282
0;283
1023;283
0;284
1023;284
0;285
1023;285
0;286
1023;286
0;287
1023;287
0;288
1023;288
0;289
1023;289
0;290
1023;290
0;291
1023;291
0;292
1023;292
0;293
1023;293
0;294
1023;294
0;295
1023;295
0;296
1023;296
0;297
1023;297
0;298
1023;298
0;299
1023;299
0;300
1023;300
0;301
1023;301
0;302
1023;302
0;303
1023;303
0;304
1023;304
0;305
1023;305
0;306
1023;306
0;307
1023;307
0;308
1023;308
0;309
1023;309
0;310
1023;310
0;311
1023;311
0;312
1023;312
0;313
1023;313
0;314
1023;314
0;315
1023;315
0;316
1023;316
0;317
1023;317
0;318
1023;318
0;319
1023;319
0;320
1023;320
0;321
1023;321
0;322
1023;322
0;323
1023;323
0;324
1023;324
0;325
1023;325
0;326
1023;326
0;327
1023;327
0;328
1023;328
0;329
1023;329
0;330
1023;330
0;331
1023;331
0;332
1023;332
0;333
1023;333
0;334
1023;334
0;335
1023;335
0;336
1023;336
0;337
1023;337
0;338
1023;338
0;339
1023;339
0;340
1023;340
0;341
1023;341
0;342
1023;342
0;343
1023;343
0;344
1023;344
0;345
1023;345
0;346
1023;346
0;347
1023;347
0;348
1023;348
0;349
1023;349
0;350
1023;350
0;351
1023;351
0;352
1023;352
0;353
1023;353
0;354
1023;354
0;355
1023;355
0;356
1023;356
0;357
1023;357
0;358
1023;358
0;359
1023;359
0;360
1023;360
0;361
1023;361
0;362
1023;362
0;363
1023;363
0;364
1023;364
0;365
1023;365
0;366
1023;366
0;367
1023;367
0;368
1023;368
0;369
1023;369
0;370
1023;370
0;371
1023;371
0;372
1023;372
0;373
1023;373
0;374
1023;374
0;375
1023;375
0;376
1023;376
0;377
1023;377
0;378
1023;378
0;379
1023;379
0;380
1023;380
0;381
1023;381
0;382
1023;382
0;383
1023;383
0;384
1023;384
0;385
1023;385
0;386
1023;386
0;387
1023;387
0;388
1023;388
0;389
1023;389
0;390
1023;390
0;391
1023;391
0;392
1023;392
0;393
1023;393
0;394
1023;394
0;395
1023;395
0;396
1023;396
0;397
1023;397
0;398
1023;398
0;399
1023;399
0;400
1023;400
0;401
1023;401
0;402
1023;402
0;403
1023;403
0;404
1023;404
0;405
1023;405
0;406
1023;406
0;407
1023;407
0;408
1023;408
0;409
1023;409
0;410
1023;410
0;411
1023;411
0;412
1023;412
0;413
1023;413
0;414
1023;414
0;415
1023;415
0;416
1023;416
0;417
1023;417
0;418
1023;418
0;419
1023;419
0;420
1023;420
0;421
1023;421
0;422
1023;422
0;423
1023;423
0;424
1023;424
0;425
1023;425
0;426
1023;426
0;427
1023;427
0;428
1023;428
0;429
1023;429
0;430
1023;430
0;431
1023;431
0;432
1023;432
0;433
1023;433
0;434
1023;434
0;435
1023;435
0;436
1023;436
0;437
1023;437
0;438
1023;438
0;439
1023;439
0;440
1023;440
0;441
1023;441
0;442
1023;442
0;443
1023;443
0;444
1023;444
0;445
1023;445
0;446
1023;446
0;447
1023;447
0;448
1023;448
0;449
1023;449
0;450
1023;450
0;451
1023;451
0;452
1023;452
0;453
1023;453
0;454
1023;454
0;455
1023;455
0;456
1023;456
0;457
1023;457
0;458
1023;458
0;459
1023;459
0;460
1023;460
0;461
1023;461
0;462
1023;462
0;463
1023;463
0;464
1023;464
0;465
1023;465
0;466
1023;466
0;467
1023;467
0;468
1023;468
0;469
1023;469
0;470
1023;470
0;471
1023;471
0;472
1023;472
0;473
1023;473
0;474
1023;474
0;475
1023;475
0;476
1023;476
0;477
1023;477
0;478
1023;478
0;479
1023;479
0;480
1023;480
0;481
1023;481
0;482
1023;482
0;483
1023;483
0;484
1023;484
0;485
1023;485
0;486
1023;486
0;487
1023;487
0;488
1023;488
0;489
1023;489
0;490
1023;490
0;491
1023;491
0;492
1023;492
0;493
1023;493
0;494
1023;494
0;495
1023;495
0;496
1023;496
0;497
1023;497
0;498
1023;498
0;499
1023;499
0;500
1023;500
0;501
1023;501
0;502
1023;502
0;503
1023;503
0;504
1023;504
0;505
1023;505
0;506
1023;506
0;507
1023;507
0;508
1023;508
0;509
1023;509
0;510
1023;510
0;511
1023;511
0;512
1023;512
0;513
1023;513
0;514
1023;514
0;515
1023;515
0;516
1023;516
0;517
1023;517
0;518
1023;518
0;519
1023;519
0;520
1023;520
0;521
1023;521
0;522
1023;522
0;523
1023;523
0;524
1023;524
0;525
1023;525
0;526
1023;526
0;527
1023;527
0;528
1023;528
0;529
1023;529
0;530
1023;530
0;531
1023;531
0;532
1023;532
0;533
1023;533
0;534
1023;534
0;535
1023;535
0;536
1023;536
0;537
1023;537
0;538
1023;538
0;539
1023;539
0;540
1023;540
0;541
1023;541
0;542
1023;542
0;543
1023;543
0;544
1023;544
0;545
1023;545
0;546
1023;546
0;547
1023;547
0;548
1023;548
0;549
1023;549
0;550
1023;550
0;551
1023;551
0;552
1023;552
0;553
1023;553
0;554
1023;554
0;555
1023;555
0;556
1023;556
0;557
1023;557
0;558
1023;558
0;559
1023;559
0;560
1023;560
0;561
1023;561
0;562
1023;562
0;563
1023;563
0;564
1023;564
0;565
1023;565
0;566
1023;566
0;567
1023;567
0;568
1023;568
0;569
1023;569
0;570
1023;570
0;571
1023;571
0;572
1023;572
0;573
1023;573
0;574
1023;574
0;575
1023;575
0;576
1023;576
0;577
1023;577
0;578
1023;578
0;579
1023;579
0;580
1023;580
0;581
1023;581
0;582
1023;582
0;583
1023;583
0;584
1023;584
0;585
1023;585
0;586
1023;586
0;587
1023;587
0;588
1023;588
0;589
1023;589
0;590
1023;590
0;591
1023;591
0;592
1023;592
0;593
1023;593
0;594
1023;594
0;595
1023;595
0;596
1023;596
0;597
1023;597
0;598
1023;598
0;599
1023;599
0;600
1023;600
0;601
1023;601
0;602
1023;602
0;603
1023;603
0;604
1023;604
0;605
1023;605
0;606
1023;606
0;607
1023;607
0;608
1023;608
0;609
1023;609
0;610
1023;610
0;611
1023;611
0;612
1023;612
0;613
1023;613
0;614
1023;614
0;615
1023;615
0;616
1023;616
0;617
1023;617
0;618
1023;618
0;619
1023;619
0;620
1023;620
0;621
1023;621
0;622
1023;622
0;623
1023;623
0;624
1023;624
0;625
1023;625
0;626
1023;626
0;627
1023;627
0;628
1023;628
0;629
1023;629
0;630
1023;630
0;631
1023;631
0;632
1023;632
0;633
1023;633
0;634
1023;634
0;635
1023;635
0;636
1023;636
0;637
1023;637
0;638
1023;638
0;639
1023;639
0;640
1023;640
0;641
1023;641
0;642
1023;642
0;643
1023;643
0;644
1023;644
0;645
1023;645
0;646
1023;646
0;647
1023;647
0;648
1023;648
0;649
1023;649
0;650
1023;650
0;651
1023;651
0;652
1023;652
0;653
1023;653
0;654
1023;654
0;655
1023;655
0;656
1023;656
0;657
1023;657
0;658
1023;658
0;659
1023;659
0;660
1023;660
0;661
1023;661
0;662
1023;662
0;663
1023;663
0;664
1023;664
0;665
1023;665
0;666
1023;666
0;667
1023;667
0;668
1023;668
0;669
1023;669
0;670
1023;670
0;671
1023;671
0;672
1023;672
0;673
1023;673
0;674
1023;674
0;675
1023;675
0;676
1023;676
0;677
1023;677
0;678
1023;678
0;679
1023;679
0;680
1023;680
0;681
1023;681
0;682
1023;682
0;683
1023;683
0;684
1023;684
0;685
1023;685
0;686
1023;686
0;687
1023;687
0;688
1023;688
0;689
1023;689
0;690
1023;690
0;691
1023;691
0;692
1023;692
0;693
1023;693
0;694
1023;694
0;695
1023;695
0;696
1023;696
0;697
1023;697
0;698
1023;698
0;699
1023;699
0;700
1023;700
0;701
1023;701
0;702
1023;702
0;703
1023;703
0;704
1023;704
0;705
1023;705
0;706
1023;706
0;707
1023;707
0;708
1023;708
0;709
1023;709
0;710
1023;710
0;711
1023;711
0;712
1023;712
0;713
1023;713
0;714
1023;714
0;715
1023;715
0;716
1023;716
0;717
1023;717
0;718
1023;718
0;719
1023;719
0;720
1023;720
0;721
1023;721
0;722
1023;722
0;723
1023;723
0;724
1023;724
0;725
1023;725
0;726
1023;726
0;727
1023;727
0;728
1023;728
0;729
1023;729
0;730
1023;730
0;731
1023;731
0;732
1023;732
0;733
1023;733
0;734
1023;734
0;735
1023;735
0;736
1023;736
0;737
1023;737
0;738
1023;738
0;739
1023;739
0;740
1023;740
0;741
1023;741
0;742
1023;742
0;743
1023;743
0;744
1023;744
0;745
1023;745
0;746
1023;746
0;747
1023;747
0;748
1023;748
0;749
1023;749
0;750
1023;750
0;751
1023;751
0;752
1023;752
0;753
1023;753
0;754
1023;754
0;755
1023;755
0;756
1023;756
0;757
1023;757
0;758
1023;758
0;759
1023;759
0;760
1023;760
0;761
1023;761
0;762
1023;762
0;763
1023;763
0;764
1023;764
0;765
1;765
2;765
3;765
4;765
5;765
6;765
7;765
8;765
9;765
10;765
11;765
12;765
13;765
14;765
15;765
16;765
17;765
18;765
19;765
20;765
21;765
22;765
23;765
24;765
25;765
26;765
27;765
28;765
29;765
30;765
31;765
32;765
33;765
34;765
35;765
36;765
37;765
38;765
39;765
40;765
41;765
42;765
43;765
44;765
45;765
46;765
47;765
48;765
49;765
50;765
51;765
52;765
53;765
54;765
55;765
56;765
57;765
58;765
59;765
60;765
61;765
62;765
63;765
64;765
65;765
66;765
67;765
68;765
69;765
70;765
71;765
72;765
73;765
74;765
75;765
76;765
77;765
78;765
79;765
80;765
81;765
82;765
83;765
84;765
85;765
86;765
87;765
88;765
89;765
90;765
91;765
92;765
93;765
94;765
95;765
96;765
97;765
98;765
99;765
100;765
101;765
102;765
103;765
104;765
105;765
106;765
107;765
108;765
109;765
110;765
111;765
112;765
113;765
114;765
115;765
116;765
117;765
118;765
119;765
120;765
121;765
122;765
123;765
124;765
125;765
126;765
127;765
128;765
129;765
130;765
131;765
132;765
133;765
134;765
135;765
136;765
137;765
138;765
139;765
140;765
141;765
142;765
143;765
144;765
145;765
146;765
147;765
148;765
149;765
150;765
151;765
152;765
153;765
154;765
155;765
156;765
157;765
158;765
159;765
160;765
161;765
162;765
163;765
164;765
165;765
166;765
167;765
168;765
169;765
170;765
171;765
172;765
173;765
174;765
175;765
176;765
177;765
178;765
179;765
180;765
181;765
182;765
183;765
184;765
185;765
186;765
187;765
188;765
189;765
190;765
191;765
192;765
193;765
194;765
195;765
196;765
197;765
198;765
199;765
200;765
201;765
202;765
203;765
204;765
205;765
206;765
207;765
208;765
209;765
210;765
211;765
212;765
213;765
214;765
215;765
216;765
217;765
218;765
219;765
220;765
221;765
222;765
223;765
224;765
225;765
226;765
227;765
228;765
229;765
230;765
231;765
232;765
233;765
234;765
235;765
236;765
237;765
238;765
239;765
240;765
241;765
242;765
243;765
244;765
245;765
246;765
247;765
248;765
249;765
250;765
251;765
252;765
253;765
254;765
255;765
256;765
257;765
258;765
259;765
260;765
261;765
262;765
263;765
264;765
265;765
266;765
267;765
268;765
269;765
270;765
271;765
272;765
273;765
274;765
275;765
276;765
277;765
278;765
279;765
280;765
281;765
282;765
283;765
284;765
285;765
286;765
287;765
288;765
289;765
290;765
291;765
292;765
293;765
294;765
295;765
296;765
297;765
298;765
299;765
300;765
301;765
302;765
303;765
304;765
305;765
306;765
307;765
308;765
309;765
310;765
311;765
312;765
313;765
314;765
315;765
316;765
317;765
318;765
319;765
320;765
321;765
322;765
323;765
324;765
325;765
326;765
327;765
328;765
329;765
330;765
331;765
332;765
333;765
334;765
335;765
336;765
337;765
338;765
339;765
340;765
341;765
342;765
343;765
344;765
345;765
346;765
347;765
348;765
349;765
350;765
351;765
352;765
353;765
354;765
355;765
356;765
357;765
358;765
359;765
360;765
361;765
362;765
363;765
364;765
365;765
366;765
367;765
368;765
369;765
370;765
371;765
372;765
373;765
374;765
375;765
376;765
377;765
378;765
379;765
380;765
381;765
382;765
383;765
384;765
385;765
386;765
387;765
388;765
389;765
390;765
391;765
392;765
393;765
394;765
395;765
396;765
397;765
398;765
399;765
400;765
401;765
402;765
403;765
404;765
405;765
406;765
407;765
408;765
409;765
410;765
411;765
412;765
413;765
414;765
415;765
416;765
417;765
418;765
419;765
420;765
421;765
422;765
423;765
424;765
425;765
426;765
427;765
428;765
429;765
430;765
431;765
432;765
433;765
434;765
435;765
436;765
437;765
438;765
439;765
440;765
441;765
442;765
443;765
444;765
445;765
446;765
447;765
448;765
449;765
450;765
451;765
452;765
453;765
454;765
455;765
456;765
457;765
458;765
459;765
460;765
461;765
462;765
463;765
464;765
465;765
466;765
467;765
468;765
469;765
470;765
471;765
472;765
473;765
474;765
475;765
476;765
477;765
478;765
479;765
480;765
481;765
482;765
483;765
484;765
485;765
486;765
487;765
488;765
489;765
490;765
491;765
492;765
493;765
494;765
495;765
496;765
497;765
498;765
499;765
500;765
501;765
502;765
503;765
504;765
505;765
506;765
507;765
508;765
509;765
510;765
511;765
512;765
513;765
514;765
515;765
516;765
517;765
518;765
519;765
520;765
521;765
522;765
523;765
524;765
525;765
526;765
527;765
528;765
529;765
530;765
531;765
532;765
533;765
534;765
535;765
536;765
537;765
538;765
539;765
540;765
541;765
542;765
543;765
544;765
545;765
546;765
547;765
548;765
549;765
550;765
551;765
552;765
553;765
554;765
555;765
556;765
557;765
558;765
559;765
560;765
561;765
562;765
563;765
564;765
565;765
566;765
567;765
568;765
569;765
570;765
571;765
572;765
573;765
574;765
575;765
576;765
577;765
578;765
579;765
580;765
581;765
582;765
583;765
584;765
585;765
586;765
587;765
588;765
589;765
590;765
591;765
592;765
593;765
594;765
595;765
596;765
597;765
598;765
599;765
600;765
601;765
602;765
603;765
604;765
605;765
606;765
607;765
608;765
609;765
610;765
611;765
612;765
613;765
614;765
615;765
616;765
617;765
618;765
619;765
620;765
621;765
622;765
623;765
624;765
625;765
626;765
627;765
628;765
629;765
630;765
631;765
632;765
633;765
634;765
635;765
636;765
637;765
638;765
639;765
640;765
641;765
642;765
643;765
644;765
645;765
646;765
647;765
648;765
649;765
650;765
651;765
652;765
653;765
654;765
655;765
656;765
657;765
658;765
659;765
660;765
661;765
662;765
663;765
664;765
665;765
666;765
667;765
668;765
669;765
670;765
671;765
672;765
673;765
674;765
675;765
676;765
677;765
678;765
679;765
680;765
681;765
682;765
683;765
684;765
685;765
686;765
687;765
688;765
689;765
690;765
691;765
692;765
693;765
694;765
695;765
696;765
697;765
698;765
699;765
700;765
701;765
702;765
703;765
704;765
705;765
706;765
707;765
708;765
709;765
710;765
711;765
712;765
713;765
714;765
715;765
716;765
717;765
718;765
719;765
720;765
721;765
722;765
723;765
724;765
725;765
726;765
727;765
728;765
729;765
730;765
731;765
732;765
733;765
734;765
735;765
736;765
737;765
738;765
739;765
740;765
741;765
742;765
743;765
744;765
745;765
746;765
747;765
748;765
749;765
750;765
751;765
752;765
753;765
754;765
755;765
756;765
757;765
758;765
759;765
760;765
761;765
762;765
763;765
764;765
765;765
766;765
767;765
768;765
769;765
770;765
771;765
772;765
773;765
774;765
775;765
776;765
777;765
778;765
779;765
780;765
781;765
782;765
783;765
784;765
785;765
786;765
787;765
788;765
789;765
790;765
791;765
792;765
793;765
794;765
795;765
796;765
797;765
798;765
799;765
800;765
801;765
802;765
803;765
804;765
805;765
806;765
807;765
808;765
809;765
810;765
811;765
812;765
813;765
814;765
815;765
816;765
817;765
818;765
819;765
820;765
821;765
822;765
823;765
824;765
825;765
826;765
827;765
828;765
829;765
830;765
831;765
832;765
833;765
834;765
835;765
836;765
837;765
838;765
839;765
840;765
841;765
842;765
843;765
844;765
845;765
846;765
847;765
848;765
849;765
850;765
851;765
852;765
853;765
854;765
855;765
856;765
857;765
858;765
859;765
860;765
861;765
862;765
863;765
864;765
865;765
866;765
867;765
868;765
869;765
870;765
871;765
872;765
873;765
874;765
875;765
876;765
877;765
878;765
879;765
880;765
881;765
882;765
883;765
884;765
885;765
886;765
887;765
888;765
889;765
890;765
891;765
892;765
893;765
894;765
895;765
896;765
897;765
898;765
899;765
900;765
901;765
902;765
903;765
904;765
905;765
906;765
907;765
908;765
909;765
910;765
911;765
912;765
913;765
914;765
915;765
916;765
917;765
918;765
919;765
920;765
921;765
922;765
923;765
924;765
925;765
926;765
927;765
928;765
929;765
930;765
931;765
932;765
933;765
934;765
935;765
936;765
937;765
938;765
939;765
940;765
941;765
942;765
943;765
944;765
945;765
946;765
947;765
948;765
949;765
950;765
951;765
952;765
953;765
954;765
955;765
956;765
957;765
958;765
959;765
960;765
961;765
962;765
963;765
964;765
965;765
966;765
967;765
968;765
969;765
970;765
971;765
972;765
973;765
974;765
975;765
976;765
977;765
978;765
979;765
980;765
981;765
982;765
983;765
984;765
985;765
986;765
987;765
988;765
989;765
990;765
991;765
992;765
993;765
994;765
995;765
996;765
997;765
998;765
999;765
1000;765
1001;765
1002;765
1003;765
1004;765
1005;765
1006;765
1007;765
1008;765
1009;765
1010;765
1011;765
1012;765
1013;765
1014;765
1015;765
1016;765
1017;765
1018;765
1019;765
1020;765
1021;765
1022;765
1023;765
326