312
3
804;765
805;765
806;765
6
356;764
354;765
355;765
356;765
357;765
358;765
60
785;760
786;760
787;760
788;760
783;761
784;761
785;761
786;761
787;761
788;761
789;761
790;761
791;761
782;762
783;762
784;762
785;762
786;762
787;762
788;762
789;762
790;762
791;762
781;763
782;763
783;763
784;763
785;763
786;763
787;763
788;763
789;763
790;763
791;763
780;764
781;764
782;764
783;764
784;764
785;764
786;764
787;764
788;764
789;764
790;764
791;764
779;765
780;765
781;765
782;765
783;765
784;765
785;765
786;765
787;765
788;765
789;765
790;765
791;765
792;765
18
305;760
306;760
307;760
304;761
305;761
306;761
303;762
304;762
305;762
303;763
304;763
305;763
303;764
304;764
305;764
303;765
304;765
305;765
5
460;757
459;758
460;758
461;758
460;759
9
182;757
183;757
183;758
184;758
185;758
184;759
185;759
186;759
187;759
1
151;756
5
593;753
594;753
592;754
593;754
593;755
15
624;742
624;743
623;744
624;744
622;745
623;745
624;745
622;746
623;746
624;746
622;747
623;747
624;747
622;748
623;748
1
625;741
22
200;738
201;738
199;739
200;739
201;739
202;739
198;740
199;740
200;740
201;740
202;740
203;740
199;741
200;741
201;741
202;741
199;742
200;742
201;742
202;742
200;743
201;743
1
440;735
69
546;728
543;729
544;729
545;729
546;729
541;730
542;730
543;730
544;730
545;730
546;730
541;731
542;731
543;731
544;731
545;731
546;731
541;732
542;732
543;732
544;732
545;732
546;732
541;733
542;733
543;733
544;733
545;733
546;733
541;734
542;734
543;734
544;734
545;734
546;734
537;735
538;735
539;735
540;735
541;735
542;735
543;735
544;735
545;735
546;735
537;736
538;736
539;736
540;736
541;736
542;736
543;736
544;736
545;736
546;736
538;737
539;737
540;737
541;737
542;737
543;737
544;737
545;737
546;737
540;738
541;738
542;738
543;738
544;738
1
254;728
119
468;727
469;727
470;727
468;728
469;728
470;728
471;728
469;729
470;729
471;729
472;729
469;730
470;730
471;730
472;730
473;730
474;730
475;730
469;731
470;731
471;731
472;731
473;731
474;731
475;731
476;731
469;732
470;732
471;732
472;732
473;732
474;732
475;732
476;732
477;732
478;732
479;732
469;733
470;733
471;733
472;733
473;733
474;733
475;733
476;733
477;733
478;733
479;733
480;733
469;734
470;734
471;734
472;734
473;734
474;734
475;734
476;734
477;734
478;734
479;734
480;734
481;734
482;734
470;735
471;735
472;735
473;735
474;735
475;735
476;735
477;735
478;735
479;735
480;735
481;735
482;735
472;736
473;736
474;736
475;736
476;736
477;736
478;736
479;736
480;736
481;736
482;736
474;737
475;737
476;737
477;737
478;737
479;737
480;737
481;737
482;737
474;738
475;738
476;738
477;738
478;738
479;738
480;738
481;738
474;739
475;739
476;739
477;739
478;739
479;739
480;739
474;740
475;740
476;740
477;740
478;740
479;740
477;741
478;741
54
490;724
491;724
492;724
489;725
490;725
491;725
492;725
493;725
494;725
488;726
489;726
490;726
491;726
492;726
493;726
494;726
495;726
489;727
490;727
491;727
492;727
493;727
494;727
495;727
489;728
490;728
491;728
492;728
493;728
494;728
495;728
496;728
490;729
491;729
492;729
493;729
494;729
495;729
496;729
497;729
498;729
492;730
493;730
494;730
495;730
496;730
497;730
492;731
493;731
494;731
495;731
496;731
497;731
497;732
19
508;718
509;718
507;719
508;719
509;719
506;720
507;720
508;720
509;720
510;720
506;721
507;721
508;721
509;721
506;722
507;722
508;722
507;723
508;723
24
551;713
549;714
550;714
551;714
552;714
547;715
548;715
549;715
550;715
551;715
552;715
553;715
546;716
547;716
548;716
549;716
550;716
551;716
552;716
547;717
548;717
549;717
550;717
551;717
9
388;710
389;710
389;711
390;711
389;712
390;712
390;713
391;713
390;714
1
875;706
17
849;706
850;706
851;706
848;707
849;707
850;707
851;707
848;708
849;708
850;708
851;708
848;709
849;709
850;709
851;709
849;710
850;710
130
477;702
478;702
476;703
477;703
478;703
479;703
475;704
476;704
477;704
478;704
479;704
480;704
481;704
482;704
483;704
484;704
485;704
475;705
476;705
477;705
478;705
479;705
480;705
481;705
482;705
483;705
484;705
485;705
476;706
477;706
478;706
479;706
480;706
481;706
482;706
483;706
484;706
485;706
476;707
477;707
478;707
479;707
480;707
481;707
482;707
483;707
484;707
485;707
477;708
478;708
479;708
480;708
481;708
482;708
483;708
484;708
485;708
477;709
478;709
479;709
480;709
481;709
482;709
483;709
484;709
485;709
477;710
478;710
479;710
480;710
481;710
482;710
483;710
484;710
485;710
477;711
478;711
479;711
480;711
481;711
482;711
483;711
484;711
485;711
477;712
478;712
479;712
480;712
481;712
482;712
483;712
484;712
485;712
477;713
478;713
479;713
480;713
481;713
482;713
483;713
484;713
477;714
478;714
479;714
480;714
481;714
482;714
483;714
484;714
476;715
477;715
478;715
479;715
480;715
481;715
482;715
483;715
484;715
473;716
474;716
475;716
476;716
477;716
478;716
479;716
480;716
481;716
482;716
483;716
484;716
19
916;701
916;702
917;702
917;703
918;703
917;704
918;704
917;705
918;705
919;705
920;705
917;706
918;706
919;706
920;706
918;707
919;707
920;707
919;708
22
461;700
462;700
463;700
464;700
461;701
462;701
463;701
464;701
465;701
462;702
463;702
464;702
465;702
462;703
463;703
464;703
465;703
466;703
462;704
463;704
464;704
465;704
40
757;699
758;699
759;699
760;699
761;699
762;699
756;700
757;700
758;700
759;700
760;700
761;700
762;700
755;701
756;701
757;701
758;701
759;701
760;701
761;701
762;701
755;702
756;702
757;702
758;702
759;702
760;702
761;702
762;702
755;703
756;703
757;703
758;703
759;703
760;703
761;703
756;704
757;704
758;704
759;704
285
511;695
512;695
513;695
510;696
511;696
512;696
513;696
514;696
515;696
516;696
517;696
518;696
519;696
520;696
521;696
522;696
523;696
524;696
510;697
511;697
512;697
513;697
514;697
515;697
516;697
517;697
518;697
519;697
520;697
521;697
522;697
523;697
524;697
525;697
526;697
527;697
528;697
529;697
530;697
531;697
532;697
533;697
534;697
535;697
536;697
537;697
538;697
510;698
511;698
512;698
513;698
514;698
515;698
516;698
517;698
518;698
519;698
520;698
521;698
522;698
523;698
524;698
525;698
526;698
527;698
528;698
529;698
530;698
531;698
532;698
533;698
534;698
535;698
536;698
537;698
538;698
539;698
510;699
511;699
512;699
513;699
514;699
515;699
516;699
517;699
518;699
519;699
520;699
521;699
522;699
523;699
524;699
525;699
526;699
527;699
528;699
529;699
530;699
531;699
532;699
533;699
534;699
535;699
536;699
537;699
538;699
539;699
510;700
511;700
512;700
513;700
514;700
515;700
516;700
517;700
518;700
519;700
520;700
521;700
522;700
523;700
524;700
525;700
526;700
527;700
528;700
529;700
530;700
531;700
532;700
533;700
534;700
535;700
536;700
537;700
510;701
511;701
512;701
513;701
514;701
515;701
516;701
517;701
518;701
519;701
520;701
521;701
522;701
523;701
524;701
525;701
526;701
527;701
528;701
529;701
530;701
531;701
532;701
533;701
510;702
511;702
512;702
513;702
514;702
515;702
516;702
517;702
518;702
519;702
520;702
521;702
522;702
523;702
531;702
532;702
533;702
510;703
511;703
512;703
513;703
514;703
515;703
516;703
517;703
518;703
519;703
520;703
521;703
522;703
523;703
532;703
510;704
511;704
512;704
513;704
514;704
515;704
516;704
517;704
518;704
519;704
520;704
521;704
522;704
523;704
532;704
510;705
511;705
512;705
513;705
514;705
515;705
516;705
517;705
518;705
519;705
520;705
521;705
522;705
523;705
509;706
510;706
511;706
512;706
513;706
514;706
515;706
516;706
517;706
518;706
519;706
520;706
521;706
522;706
523;706
506;707
507;707
508;707
509;707
510;707
511;707
512;707
513;707
514;707
515;707
516;707
517;707
518;707
519;707
520;707
521;707
522;707
523;707
508;708
509;708
510;708
511;708
512;708
513;708
514;708
515;708
516;708
517;708
518;708
519;708
520;708
521;708
522;708
523;708
509;709
510;709
511;709
512;709
513;709
514;709
515;709
516;709
517;709
518;709
519;709
520;709
521;709
522;709
523;709
510;710
39
450;695
451;695
452;695
453;695
454;695
448;696
449;696
450;696
451;696
452;696
453;696
454;696
455;696
456;696
448;697
449;697
450;697
451;697
452;697
453;697
454;697
455;697
456;697
448;698
449;698
450;698
451;698
448;699
449;699
450;699
451;699
447;700
448;700
449;700
450;700
445;701
446;701
447;701
448;701
55
554;692
555;692
556;692
554;693
555;693
556;693
557;693
553;694
554;694
555;694
556;694
557;694
558;694
552;695
553;695
554;695
555;695
556;695
557;695
558;695
552;696
553;696
554;696
555;696
556;696
557;696
558;696
559;696
552;697
553;697
554;697
555;697
556;697
557;697
558;697
559;697
560;697
553;698
554;698
555;698
556;698
557;698
558;698
559;698
560;698
554;699
555;699
556;699
557;699
558;699
559;699
555;700
556;700
557;700
556;701
1
744;691
132
311;691
312;691
309;692
310;692
311;692
312;692
313;692
314;692
315;692
307;693
308;693
309;693
310;693
311;693
312;693
313;693
314;693
315;693
316;693
307;694
308;694
309;694
310;694
311;694
312;694
313;694
314;694
315;694
316;694
317;694
318;694
319;694
320;694
321;694
322;694
323;694
324;694
325;694
326;694
306;695
307;695
308;695
309;695
310;695
311;695
312;695
313;695
314;695
315;695
316;695
317;695
318;695
319;695
320;695
321;695
322;695
323;695
324;695
325;695
326;695
306;696
307;696
308;696
309;696
310;696
311;696
312;696
313;696
314;696
315;696
316;696
317;696
318;696
319;696
320;696
321;696
322;696
323;696
324;696
325;696
306;697
307;697
308;697
309;697
310;697
311;697
312;697
313;697
314;697
315;697
316;697
317;697
318;697
319;697
320;697
321;697
322;697
307;698
308;698
309;698
310;698
311;698
312;698
313;698
314;698
315;698
316;698
317;698
318;698
319;698
307;699
308;699
309;699
310;699
311;699
312;699
313;699
314;699
315;699
316;699
317;699
318;699
307;700
308;700
309;700
310;700
307;701
308;701
309;701
307;702
308;702
307;703
1
240;689
16
385;684
386;684
387;684
388;684
389;684
390;684
384;685
385;685
386;685
387;685
388;685
389;685
384;686
385;686
386;686
387;686
27
40;680
41;680
42;680
43;680
44;680
39;681
40;681
41;681
42;681
43;681
44;681
45;681
38;682
39;682
40;682
41;682
42;682
43;682
37;683
38;683
39;683
40;683
41;683
42;683
40;684
41;684
42;684
38
530;679
526;680
527;680
528;680
529;680
530;680
521;681
522;681
523;681
524;681
525;681
526;681
527;681
528;681
529;681
530;681
521;682
522;682
523;682
524;682
525;682
526;682
527;682
528;682
529;682
530;682
523;683
524;683
525;683
526;683
527;683
528;683
529;683
525;684
526;684
527;684
528;684
526;685
55
551;678
552;678
553;678
554;678
555;678
556;678
551;679
552;679
553;679
554;679
555;679
556;679
557;679
549;680
550;680
551;680
552;680
553;680
554;680
555;680
556;680
557;680
558;680
549;681
550;681
551;681
552;681
553;681
554;681
555;681
556;681
557;681
558;681
559;681
549;682
550;682
551;682
552;682
553;682
554;682
555;682
556;682
557;682
558;682
550;683
551;683
552;683
553;683
554;683
555;683
556;683
557;683
554;684
555;684
556;684
2
716;677
716;678
52
467;677
465;678
466;678
467;678
468;678
464;679
465;679
466;679
467;679
468;679
469;679
463;680
464;680
465;680
466;680
467;680
468;680
469;680
463;681
464;681
465;681
466;681
467;681
468;681
469;681
464;682
465;682
466;682
467;682
468;682
469;682
465;683
466;683
467;683
468;683
469;683
466;684
467;684
468;684
469;684
467;685
468;685
469;685
468;686
469;686
470;686
469;687
470;687
469;688
470;688
471;688
472;688
22
603;674
604;674
605;674
606;674
607;674
608;674
609;674
603;675
604;675
605;675
606;675
607;675
608;675
609;675
602;676
603;676
604;676
605;676
606;676
607;676
608;676
609;676
33
733;673
734;673
735;673
732;674
733;674
734;674
735;674
736;674
733;675
734;675
735;675
736;675
737;675
733;676
734;676
735;676
736;676
737;676
738;676
734;677
735;677
736;677
737;677
738;677
734;678
735;678
736;678
737;678
738;678
735;679
736;679
737;679
736;680
39
295;673
296;673
292;674
293;674
294;674
295;674
296;674
297;674
298;674
299;674
291;675
292;675
293;675
294;675
295;675
296;675
297;675
298;675
299;675
300;675
301;675
291;676
292;676
293;676
294;676
295;676
296;676
297;676
298;676
299;676
300;676
292;677
293;677
294;677
295;677
296;677
297;677
298;677
299;677
13
487;670
488;670
489;670
490;670
491;670
486;671
487;671
488;671
489;671
490;671
491;671
485;672
486;672
1
409;669
1
59;669
1
58;668
23
106;667
107;667
105;668
106;668
107;668
108;668
104;669
105;669
106;669
107;669
108;669
109;669
104;670
105;670
106;670
107;670
108;670
109;670
104;671
105;671
106;671
107;671
108;671
32
743;666
744;666
745;666
745;667
746;667
747;667
745;668
746;668
747;668
748;668
749;668
745;669
746;669
747;669
748;669
749;669
750;669
747;670
748;670
749;670
750;670
751;670
752;670
749;671
750;671
751;671
752;671
753;671
750;672
751;672
752;672
753;672
2
698;665
698;666
1
807;663
2
34;663
34;664
72
819;660
820;660
819;661
820;661
819;662
820;662
821;662
818;663
819;663
820;663
821;663
822;663
818;664
819;664
820;664
821;664
822;664
818;665
819;665
820;665
821;665
822;665
818;666
819;666
820;666
821;666
822;666
818;667
819;667
820;667
821;667
822;667
823;667
818;668
819;668
820;668
821;668
822;668
823;668
818;669
819;669
820;669
821;669
822;669
823;669
824;669
819;670
820;670
821;670
822;670
823;670
824;670
825;670
820;671
821;671
822;671
823;671
824;671
825;671
826;671
821;672
822;672
823;672
824;672
825;672
826;672
822;673
823;673
824;673
825;673
826;673
825;674
47
667;660
668;660
669;660
667;661
668;661
669;661
670;661
671;661
672;661
673;661
674;661
667;662
668;662
669;662
670;662
671;662
672;662
673;662
674;662
675;662
668;663
669;663
670;663
671;663
672;663
673;663
674;663
675;663
668;664
669;664
670;664
671;664
672;664
673;664
674;664
675;664
676;664
670;665
671;665
672;665
673;665
674;665
675;665
676;665
672;666
673;666
674;666
24
432;659
433;659
431;660
432;660
433;660
430;661
431;661
432;661
433;661
434;661
430;662
431;662
432;662
433;662
434;662
429;663
430;663
431;663
432;663
433;663
429;664
430;664
431;664
432;664
82
537;656
535;657
536;657
537;657
538;657
534;658
535;658
536;658
537;658
538;658
539;658
533;659
534;659
535;659
536;659
537;659
538;659
539;659
530;660
531;660
532;660
533;660
534;660
535;660
536;660
537;660
538;660
539;660
529;661
530;661
531;661
532;661
533;661
534;661
535;661
536;661
537;661
538;661
528;662
529;662
530;662
531;662
532;662
533;662
534;662
535;662
536;662
537;662
538;662
526;663
527;663
528;663
529;663
530;663
531;663
532;663
533;663
534;663
535;663
536;663
537;663
527;664
528;664
529;664
530;664
531;664
532;664
533;664
534;664
535;664
536;664
527;665
528;665
529;665
530;665
531;665
532;665
533;665
534;665
535;665
527;666
528;666
5
591;654
591;655
592;655
590;656
591;656
23
974;645
973;646
974;646
975;646
973;647
974;647
975;647
976;647
974;648
975;648
976;648
977;648
974;649
975;649
976;649
977;649
975;650
976;650
977;650
978;650
976;651
977;651
978;651
27
530;645
531;645
532;645
533;645
534;645
535;645
536;645
528;646
529;646
530;646
531;646
532;646
533;646
534;646
535;646
536;646
528;647
529;647
530;647
531;647
532;647
533;647
534;647
530;648
531;648
532;648
533;648
23
549;639
550;639
551;639
552;639
553;639
549;640
550;640
551;640
552;640
553;640
554;640
555;640
556;640
549;641
550;641
551;641
552;641
553;641
554;641
555;641
556;641
555;642
556;642
23
187;639
188;639
189;639
190;639
191;639
192;639
193;639
194;639
195;639
196;639
187;640
188;640
189;640
190;640
191;640
192;640
193;640
194;640
195;640
189;641
190;641
191;641
192;641
3
318;633
319;633
320;633
4
383;632
384;632
385;632
386;632
1
203;631
14
518;630
518;631
518;632
519;632
518;633
519;633
520;633
521;633
518;634
519;634
520;634
521;634
522;634
520;635
1
202;630
10
545;629
545;630
546;630
545;631
546;631
547;631
548;631
545;632
546;632
546;633
3
516;626
516;627
516;628
21
329;624
330;624
328;625
329;625
330;625
331;625
328;626
329;626
330;626
331;626
332;626
328;627
329;627
330;627
331;627
332;627
327;628
328;628
329;628
330;628
331;628
26
620;623
620;624
620;625
620;626
620;627
620;628
620;629
620;630
621;630
622;630
623;630
624;630
621;631
622;631
623;631
624;631
625;631
626;631
627;631
622;632
623;632
624;632
625;632
626;632
624;633
625;633
115
948;622
949;622
950;622
947;623
948;623
949;623
950;623
946;624
947;624
948;624
949;624
950;624
945;625
946;625
947;625
948;625
949;625
950;625
951;625
945;626
946;626
947;626
948;626
949;626
950;626
951;626
945;627
946;627
947;627
948;627
949;627
950;627
951;627
952;627
947;628
948;628
949;628
950;628
951;628
952;628
947;629
948;629
949;629
950;629
951;629
952;629
948;630
949;630
950;630
951;630
952;630
953;630
949;631
950;631
951;631
952;631
953;631
954;631
949;632
950;632
951;632
952;632
953;632
954;632
955;632
950;633
951;633
952;633
953;633
954;633
955;633
950;634
951;634
952;634
953;634
954;634
955;634
956;634
950;635
951;635
952;635
953;635
954;635
955;635
950;636
951;636
952;636
953;636
954;636
950;637
951;637
952;637
953;637
954;637
950;638
951;638
952;638
953;638
954;638
950;639
951;639
952;639
953;639
954;639
950;640
951;640
952;640
953;640
954;640
951;641
952;641
953;641
954;641
953;642
954;642
2
618;621
619;621
25
105;621
106;621
107;621
108;621
109;621
110;621
103;622
104;622
105;622
106;622
107;622
108;622
109;622
110;622
97;623
98;623
99;623
100;623
101;623
102;623
103;623
104;623
105;623
106;623
107;623
80
874;620
872;621
873;621
874;621
871;622
872;622
873;622
874;622
875;622
871;623
872;623
873;623
874;623
875;623
871;624
872;624
873;624
874;624
871;625
872;625
873;625
871;626
872;626
871;627
872;627
871;628
872;628
871;629
872;629
871;630
872;630
870;631
871;631
872;631
869;632
870;632
871;632
872;632
868;633
869;633
870;633
871;633
872;633
873;633
868;634
869;634
870;634
871;634
872;634
873;634
874;634
867;635
868;635
869;635
870;635
871;635
872;635
873;635
874;635
869;636
870;636
871;636
872;636
873;636
874;636
875;636
871;637
872;637
873;637
874;637
871;638
872;638
873;638
874;638
871;639
872;639
873;639
871;640
872;640
871;641
1
687;620
14
423;620
421;621
422;621
423;621
419;622
420;622
421;622
422;622
423;622
418;623
419;623
420;623
421;623
419;624
12
521;619
522;619
521;620
522;620
523;620
524;620
521;621
522;621
523;621
524;621
521;622
522;622
17
89;618
90;618
89;619
90;619
91;619
92;619
93;619
90;620
91;620
92;620
93;620
94;620
92;621
93;621
94;621
94;622
95;622
1
686;617
14
543;617
543;618
543;619
544;619
545;619
542;620
543;620
544;620
542;621
543;621
544;621
543;622
544;622
544;623
10
574;616
574;617
575;617
574;618
575;618
576;618
576;619
577;619
578;619
579;619
132
441;614
442;614
443;614
444;614
445;614
446;614
441;615
442;615
443;615
444;615
445;615
446;615
447;615
448;615
449;615
442;616
443;616
444;616
445;616
446;616
447;616
448;616
449;616
450;616
451;616
442;617
443;617
444;617
445;617
446;617
447;617
448;617
449;617
450;617
451;617
452;617
453;617
442;618
443;618
444;618
445;618
446;618
447;618
448;618
449;618
450;618
451;618
452;618
453;618
454;618
443;619
444;619
445;619
446;619
447;619
448;619
449;619
450;619
451;619
452;619
453;619
454;619
443;620
444;620
445;620
446;620
447;620
448;620
449;620
450;620
451;620
452;620
453;620
454;620
455;620
443;621
444;621
445;621
446;621
447;621
448;621
449;621
450;621
451;621
452;621
453;621
454;621
443;622
444;622
445;622
446;622
447;622
448;622
449;622
450;622
451;622
452;622
453;622
454;622
443;623
444;623
445;623
446;623
447;623
448;623
449;623
450;623
451;623
452;623
453;623
443;624
444;624
445;624
446;624
447;624
448;624
449;624
450;624
451;624
444;625
445;625
446;625
447;625
448;625
449;625
450;625
446;626
447;626
448;626
449;626
447;627
448;627
18
364;614
365;614
366;614
367;614
363;615
364;615
365;615
366;615
367;615
362;616
363;616
364;616
365;616
366;616
362;617
363;617
364;617
365;617
50
337;614
338;614
339;614
340;614
341;614
342;614
343;614
344;614
338;615
339;615
340;615
341;615
342;615
343;615
344;615
345;615
342;616
343;616
344;616
345;616
344;617
345;617
344;618
345;618
346;618
344;619
345;619
346;619
344;620
345;620
346;620
344;621
345;621
346;621
347;621
344;622
345;622
346;622
347;622
345;623
346;623
347;623
348;623
349;623
350;623
346;624
347;624
348;624
349;624
350;624
9
676;613
677;613
678;613
679;613
677;614
678;614
679;614
678;615
679;615
59
988;612
989;612
986;613
987;613
988;613
989;613
990;613
991;613
985;614
986;614
987;614
988;614
989;614
990;614
991;614
992;614
985;615
986;615
987;615
988;615
989;615
990;615
991;615
992;615
993;615
985;616
986;616
987;616
988;616
989;616
990;616
991;616
992;616
993;616
986;617
987;617
988;617
989;617
990;617
991;617
992;617
993;617
994;617
986;618
987;618
988;618
989;618
990;618
991;618
992;618
993;618
987;619
988;619
989;619
990;619
991;619
992;619
989;620
990;620
6
424;611
425;611
426;611
425;612
426;612
425;613
1
560;610
68
474;609
475;609
476;609
477;609
478;609
479;609
474;610
475;610
476;610
477;610
478;610
479;610
474;611
475;611
476;611
477;611
478;611
479;611
474;612
475;612
476;612
477;612
478;612
479;612
474;613
475;613
476;613
477;613
478;613
479;613
480;613
474;614
475;614
476;614
477;614
478;614
479;614
480;614
473;615
474;615
475;615
476;615
477;615
478;615
479;615
480;615
472;616
473;616
474;616
475;616
476;616
477;616
472;617
473;617
474;617
475;617
472;618
473;618
474;618
475;618
473;619
474;619
473;620
474;620
473;621
474;621
473;622
474;622
8
689;607
689;608
690;608
689;609
690;609
689;610
690;610
689;611
5
540;607
541;607
542;607
540;608
541;608
152
494;605
495;605
490;606
491;606
492;606
493;606
494;606
495;606
496;606
490;607
491;607
492;607
493;607
494;607
495;607
496;607
490;608
491;608
492;608
493;608
494;608
495;608
496;608
490;609
491;609
492;609
493;609
494;609
495;609
496;609
497;609
498;609
490;610
491;610
492;610
493;610
494;610
495;610
496;610
497;610
498;610
490;611
491;611
492;611
493;611
494;611
495;611
496;611
497;611
498;611
490;612
491;612
492;612
493;612
494;612
495;612
496;612
497;612
498;612
490;613
491;613
492;613
493;613
494;613
495;613
496;613
497;613
498;613
490;614
491;614
492;614
493;614
494;614
495;614
496;614
497;614
498;614
492;615
493;615
494;615
495;615
496;615
497;615
498;615
499;615
500;615
501;615
502;615
503;615
504;615
505;615
506;615
507;615
493;616
494;616
495;616
496;616
497;616
498;616
499;616
500;616
501;616
502;616
503;616
504;616
505;616
506;616
507;616
494;617
495;617
496;617
497;617
498;617
499;617
500;617
501;617
502;617
503;617
504;617
505;617
506;617
507;617
501;618
502;618
503;618
504;618
505;618
506;618
507;618
502;619
503;619
504;619
505;619
506;619
507;619
508;619
503;620
504;620
505;620
506;620
507;620
508;620
509;620
505;621
506;621
507;621
508;621
509;621
510;621
508;622
509;622
510;622
14
469;604
470;604
468;605
469;605
470;605
471;605
468;606
469;606
470;606
471;606
468;607
469;607
470;607
471;607
59
649;600
650;600
651;600
649;601
650;601
651;601
652;601
653;601
654;601
648;602
649;602
650;602
651;602
652;602
653;602
654;602
655;602
656;602
648;603
649;603
650;603
651;603
652;603
653;603
654;603
655;603
656;603
657;603
648;604
649;604
650;604
651;604
652;604
653;604
654;604
655;604
656;604
657;604
658;604
659;604
649;605
650;605
651;605
652;605
653;605
654;605
655;605
656;605
657;605
658;605
659;605
660;605
652;606
653;606
654;606
655;606
656;606
654;607
655;607
4
588;593
588;594
589;594
588;595
1
484;593
24
553;592
553;593
554;593
553;594
554;594
555;594
552;595
553;595
554;595
555;595
556;595
551;596
552;596
553;596
554;596
555;596
556;596
552;597
553;597
554;597
555;597
556;597
557;597
556;598
6
718;589
718;590
719;590
718;591
719;591
719;592
9
632;589
633;589
630;590
631;590
632;590
633;590
630;591
631;591
632;591
25
447;588
448;588
449;588
450;588
451;588
449;589
450;589
451;589
452;589
453;589
454;589
455;589
450;590
451;590
452;590
453;590
454;590
455;590
456;590
457;590
452;591
453;591
454;591
455;591
456;591
9
680;587
681;587
681;588
682;588
681;589
682;589
683;589
683;590
684;590
7
443;586
444;586
445;586
443;587
444;587
445;587
446;587
5
549;585
550;585
549;586
550;586
551;586
16
705;580
706;580
707;580
708;580
705;581
706;581
707;581
708;581
709;581
705;582
706;582
707;582
708;582
706;583
707;583
708;583
4
734;579
735;579
734;580
735;580
49
290;578
291;578
289;579
290;579
291;579
284;580
285;580
286;580
287;580
288;580
289;580
290;580
291;580
283;581
284;581
285;581
286;581
287;581
288;581
289;581
290;581
283;582
284;582
285;582
286;582
287;582
288;582
289;582
290;582
283;583
284;583
285;583
286;583
287;583
288;583
289;583
281;584
282;584
283;584
284;584
285;584
286;584
287;584
288;584
282;585
283;585
284;585
285;585
286;585
27
374;577
375;577
376;577
371;578
372;578
373;578
374;578
375;578
376;578
377;578
378;578
372;579
373;579
374;579
375;579
376;579
377;579
372;580
373;580
374;580
375;580
376;580
373;581
374;581
375;581
374;582
375;582
16
508;575
498;576
499;576
500;576
501;576
502;576
503;576
504;576
505;576
506;576
507;576
508;576
498;577
499;577
500;577
501;577
58
396;575
397;575
398;575
399;575
400;575
401;575
402;575
403;575
396;576
397;576
398;576
399;576
400;576
401;576
402;576
403;576
404;576
405;576
396;577
397;577
398;577
399;577
400;577
401;577
402;577
403;577
404;577
405;577
396;578
397;578
398;578
399;578
400;578
401;578
402;578
403;578
404;578
396;579
397;579
398;579
399;579
400;579
401;579
402;579
403;579
404;579
396;580
397;580
398;580
399;580
400;580
401;580
402;580
403;580
398;581
399;581
400;581
401;581
38
730;571
731;571
732;571
728;572
729;572
730;572
731;572
723;573
724;573
725;573
726;573
727;573
728;573
729;573
730;573
731;573
722;574
723;574
724;574
725;574
726;574
727;574
728;574
729;574
730;574
731;574
721;575
722;575
723;575
724;575
725;575
720;576
721;576
722;576
723;576
719;577
720;577
721;577
37
940;565
939;566
940;566
939;567
940;567
939;568
940;568
941;568
940;569
941;569
942;569
941;570
942;570
943;570
944;570
942;571
943;571
944;571
945;571
942;572
943;572
944;572
945;572
946;572
943;573
944;573
945;573
946;573
947;573
943;574
944;574
945;574
946;574
947;574
944;575
945;575
946;575
33
390;564
391;564
390;565
391;565
392;565
389;566
390;566
391;566
392;566
393;566
389;567
390;567
391;567
392;567
393;567
389;568
390;568
391;568
392;568
393;568
389;569
390;569
391;569
392;569
393;569
390;570
391;570
392;570
393;570
390;571
391;571
392;571
393;571
7
523;563
522;564
523;564
524;564
523;565
524;565
524;566
2
590;562
591;562
18
409;562
408;563
409;563
410;563
408;564
409;564
410;564
411;564
406;565
407;565
408;565
409;565
410;565
411;565
406;566
407;566
408;566
409;566
185
471;559
458;560
470;560
471;560
457;561
458;561
459;561
470;561
471;561
455;562
456;562
457;562
458;562
459;562
460;562
469;562
470;562
454;563
455;563
456;563
457;563
458;563
459;563
460;563
461;563
462;563
463;563
464;563
465;563
466;563
467;563
468;563
469;563
470;563
454;564
455;564
456;564
457;564
458;564
459;564
460;564
461;564
462;564
463;564
464;564
465;564
466;564
467;564
468;564
469;564
452;565
453;565
454;565
455;565
456;565
457;565
458;565
459;565
460;565
461;565
462;565
463;565
464;565
465;565
466;565
467;565
451;566
452;566
453;566
454;566
455;566
456;566
457;566
458;566
459;566
460;566
461;566
462;566
451;567
452;567
453;567
454;567
455;567
456;567
457;567
458;567
459;567
460;567
461;567
462;567
450;568
451;568
452;568
453;568
454;568
455;568
456;568
457;568
458;568
459;568
460;568
461;568
462;568
450;569
451;569
452;569
453;569
454;569
455;569
456;569
457;569
458;569
459;569
460;569
461;569
462;569
450;570
451;570
452;570
453;570
454;570
455;570
456;570
457;570
458;570
459;570
460;570
461;570
462;570
449;571
450;571
451;571
452;571
453;571
454;571
455;571
456;571
457;571
458;571
459;571
460;571
461;571
462;571
448;572
449;572
450;572
451;572
452;572
453;572
454;572
455;572
456;572
457;572
458;572
459;572
460;572
461;572
462;572
448;573
458;573
459;573
460;573
461;573
462;573
459;574
460;574
461;574
462;574
459;575
460;575
461;575
462;575
459;576
460;576
461;576
462;576
463;576
460;577
461;577
462;577
463;577
464;577
462;578
463;578
464;578
1
305;556
1
623;553
48
283;551
284;551
285;551
286;551
281;552
282;552
283;552
284;552
285;552
286;552
287;552
280;553
281;553
282;553
283;553
284;553
285;553
286;553
287;553
288;553
280;554
281;554
282;554
283;554
284;554
285;554
286;554
287;554
288;554
281;555
282;555
283;555
284;555
285;555
286;555
287;555
288;555
287;556
288;556
287;557
288;557
287;558
288;558
289;558
290;558
287;559
288;559
289;559
3
360;550
361;550
361;551
1
846;549
10
618;549
619;549
618;550
619;550
620;550
619;551
620;551
621;551
621;552
622;552
12
376;547
377;547
373;548
374;548
375;548
376;548
377;548
373;549
374;549
375;549
376;549
375;550
5
848;546
847;547
848;547
847;548
848;548
5
640;543
641;543
639;544
640;544
641;544
11
844;531
843;532
844;532
845;532
843;533
844;533
845;533
846;533
844;534
845;534
845;535
5
603;526
604;526
603;527
604;527
603;528
15
687;525
688;525
689;525
690;525
686;526
687;526
688;526
689;526
690;526
685;527
686;527
687;527
688;527
689;527
690;527
75
460;522
459;523
460;523
461;523
456;524
457;524
458;524
459;524
460;524
461;524
456;525
457;525
458;525
456;526
457;526
458;526
456;527
457;527
458;527
456;528
457;528
458;528
456;529
457;529
458;529
456;530
457;530
458;530
448;531
449;531
450;531
451;531
452;531
453;531
454;531
455;531
456;531
447;532
448;532
449;532
450;532
451;532
452;532
453;532
454;532
455;532
447;533
448;533
449;533
450;533
451;533
452;533
453;533
454;533
447;534
448;534
449;534
450;534
451;534
452;534
453;534
454;534
447;535
448;535
449;535
450;535
451;535
452;535
453;535
448;536
449;536
450;536
451;536
452;536
450;537
12
144;516
145;516
146;516
147;516
148;516
149;516
150;516
151;516
152;516
153;516
152;517
153;517
23
170;515
166;516
167;516
168;516
169;516
170;516
171;516
164;517
165;517
166;517
167;517
168;517
169;517
170;517
171;517
172;517
165;518
166;518
167;518
168;518
169;518
170;518
171;518
41
80;513
81;513
79;514
80;514
81;514
82;514
79;515
80;515
81;515
82;515
83;515
84;515
80;516
81;516
82;516
83;516
84;516
80;517
81;517
82;517
83;517
84;517
85;517
86;517
81;518
82;518
83;518
84;518
85;518
86;518
82;519
83;519
84;519
85;519
86;519
83;520
84;520
85;520
86;520
85;521
86;521
1
237;510
32
647;509
648;509
649;509
646;510
647;510
648;510
649;510
646;511
647;511
648;511
649;511
650;511
646;512
647;512
648;512
649;512
650;512
651;512
646;513
647;513
648;513
649;513
650;513
651;513
646;514
647;514
648;514
649;514
650;514
647;515
648;515
649;515
4
238;509
239;509
240;509
241;509
184
693;508
694;508
693;509
694;509
695;509
693;510
694;510
695;510
696;510
693;511
694;511
695;511
696;511
697;511
698;511
692;512
693;512
694;512
695;512
696;512
697;512
698;512
699;512
683;513
691;513
692;513
693;513
694;513
695;513
696;513
697;513
698;513
699;513
683;514
684;514
685;514
686;514
687;514
688;514
689;514
690;514
691;514
692;514
693;514
694;514
695;514
696;514
697;514
698;514
699;514
700;514
680;515
681;515
682;515
683;515
684;515
685;515
686;515
687;515
688;515
689;515
690;515
691;515
692;515
693;515
694;515
695;515
696;515
697;515
698;515
699;515
700;515
679;516
680;516
681;516
682;516
683;516
684;516
685;516
686;516
687;516
688;516
689;516
690;516
691;516
692;516
693;516
694;516
695;516
696;516
697;516
698;516
699;516
700;516
681;517
682;517
683;517
684;517
693;517
694;517
695;517
696;517
697;517
698;517
699;517
700;517
701;517
693;518
694;518
695;518
696;518
697;518
698;518
699;518
700;518
701;518
693;519
694;519
695;519
696;519
697;519
698;519
699;519
700;519
701;519
702;519
703;519
704;519
693;520
694;520
695;520
696;520
697;520
698;520
699;520
700;520
701;520
702;520
703;520
704;520
700;521
701;521
702;521
703;521
704;521
701;522
702;522
703;522
704;522
701;523
702;523
703;523
704;523
701;524
702;524
703;524
704;524
687;525
688;525
689;525
690;525
702;525
703;525
704;525
686;526
687;526
688;526
689;526
690;526
702;526
703;526
704;526
685;527
686;527
687;527
688;527
689;527
690;527
702;527
703;527
704;527
703;528
704;528
703;529
15
517;508
518;508
519;508
520;508
516;509
517;509
518;509
519;509
520;509
521;509
522;509
517;510
518;510
519;510
520;510
3
183;508
184;508
185;508
8
465;507
466;507
465;508
466;508
465;509
466;509
467;509
465;510
3
275;507
276;507
277;507
47
477;501
478;501
479;501
480;501
481;501
482;501
477;502
478;502
479;502
480;502
481;502
482;502
483;502
477;503
478;503
479;503
480;503
481;503
482;503
483;503
484;503
477;504
478;504
479;504
480;504
481;504
482;504
483;504
484;504
476;505
477;505
478;505
479;505
480;505
481;505
482;505
483;505
477;506
478;506
479;506
480;506
481;506
482;506
478;507
479;507
480;507
481;507
15
663;500
664;500
665;500
666;500
667;500
663;501
664;501
665;501
666;501
667;501
664;502
665;502
666;502
665;503
666;503
3
624;500
625;500
624;501
2
470;496
471;496
1
216;496
1
218;495
37
927;494
928;494
929;494
925;495
926;495
927;495
928;495
929;495
930;495
923;496
924;496
925;496
926;496
927;496
928;496
920;497
921;497
922;497
923;497
924;497
925;497
926;497
919;498
920;498
921;498
922;498
923;498
924;498
917;499
918;499
919;499
920;499
921;499
917;500
918;500
919;500
920;500
44
405;488
406;488
407;488
404;489
405;489
406;489
407;489
404;490
405;490
406;490
407;490
400;491
401;491
402;491
403;491
404;491
405;491
406;491
407;491
396;492
397;492
398;492
399;492
400;492
401;492
402;492
403;492
404;492
405;492
397;493
398;493
399;493
400;493
401;493
402;493
403;493
404;493
398;494
399;494
400;494
401;494
402;494
400;495
401;495
43
1017;483
1018;483
1019;483
1015;484
1016;484
1017;484
1018;484
1013;485
1014;485
1015;485
1016;485
1017;485
1018;485
1011;486
1012;486
1013;486
1014;486
1015;486
1016;486
1017;486
1010;487
1011;487
1012;487
1013;487
1014;487
1015;487
1016;487
1009;488
1010;488
1011;488
1012;488
1013;488
1014;488
1015;488
1010;489
1011;489
1012;489
1013;489
1014;489
1015;489
1011;490
1012;490
1013;490
32
592;481
593;481
591;482
592;482
593;482
594;482
591;483
592;483
593;483
594;483
591;484
592;484
593;484
594;484
591;485
592;485
593;485
594;485
586;486
587;486
588;486
589;486
590;486
591;486
592;486
593;486
594;486
593;487
594;487
593;488
594;488
595;488
9
614;480
614;481
615;481
616;481
617;481
618;481
615;482
616;482
617;482
2
775;477
776;477
19
746;471
744;472
745;472
746;472
747;472
742;473
743;473
744;473
745;473
746;473
747;473
741;474
742;474
743;474
744;474
745;474
746;474
747;474
741;475
7
373;470
374;470
375;470
376;470
377;470
373;471
374;471
3
246;469
247;469
246;470
31
542;467
543;467
544;467
545;467
546;467
547;467
548;467
541;468
542;468
543;468
544;468
545;468
546;468
547;468
548;468
549;468
545;469
546;469
547;469
548;469
549;469
550;469
551;469
547;470
548;470
549;470
550;470
551;470
549;471
550;471
551;471
53
623;465
624;465
622;466
623;466
624;466
621;467
622;467
623;467
624;467
625;467
620;468
621;468
622;468
623;468
624;468
625;468
620;469
621;469
622;469
623;469
624;469
625;469
620;470
621;470
622;470
623;470
624;470
625;470
620;471
621;471
622;471
623;471
624;471
625;471
621;472
622;472
623;472
624;472
625;472
621;473
622;473
623;473
624;473
625;473
626;473
623;474
624;474
625;474
626;474
623;475
624;475
625;475
626;475
5
297;464
296;465
297;465
298;465
297;466
13
309;463
310;463
311;463
309;464
310;464
311;464
312;464
313;464
310;465
311;465
312;465
313;465
314;465
18
254;463
255;463
256;463
253;464
254;464
255;464
251;465
252;465
253;465
254;465
248;466
249;466
250;466
251;466
248;467
249;467
250;467
248;468
1
533;458
1
532;457
69
427;457
428;457
429;457
430;457
431;457
427;458
428;458
429;458
430;458
431;458
432;458
433;458
434;458
435;458
427;459
428;459
429;459
430;459
431;459
432;459
433;459
434;459
426;460
427;460
428;460
429;460
430;460
431;460
432;460
433;460
434;460
426;461
427;461
428;461
429;461
430;461
431;461
432;461
433;461
426;462
427;462
428;462
429;462
430;462
431;462
432;462
433;462
426;463
427;463
428;463
429;463
430;463
431;463
432;463
426;464
427;464
428;464
429;464
430;464
431;464
426;465
427;465
428;465
429;465
430;465
426;466
427;466
428;466
429;466
1
273;455
8
317;453
318;453
319;453
320;453
318;454
319;454
320;454
321;454
6
838;451
839;451
840;451
838;452
839;452
840;452
2
123;450
124;450
22
530;449
531;449
528;450
529;450
530;450
531;450
527;451
528;451
529;451
530;451
531;451
527;452
528;452
529;452
530;452
531;452
528;453
529;453
530;453
531;453
530;454
531;454
63
266;447
264;448
265;448
266;448
267;448
268;448
263;449
264;449
265;449
266;449
267;449
268;449
269;449
261;450
262;450
263;450
264;450
265;450
266;450
267;450
268;450
269;450
270;450
260;451
261;451
262;451
263;451
264;451
265;451
266;451
267;451
268;451
269;451
270;451
260;452
261;452
262;452
263;452
264;452
265;452
266;452
267;452
268;452
269;452
270;452
262;453
263;453
264;453
265;453
266;453
267;453
268;453
269;453
270;453
263;454
264;454
265;454
266;454
267;454
268;454
269;454
270;454
271;454
4
535;446
536;446
535;447
536;447
1
364;445
2
327;445
327;446
1
365;444
1
328;444
2
366;443
367;443
6
330;442
331;442
332;442
329;443
330;443
331;443
44
619;440
620;440
618;441
619;441
620;441
621;441
622;441
618;442
619;442
620;442
621;442
622;442
623;442
617;443
618;443
619;443
620;443
621;443
622;443
623;443
617;444
618;444
619;444
620;444
621;444
622;444
623;444
624;444
616;445
617;445
618;445
619;445
620;445
621;445
622;445
623;445
624;445
616;446
617;446
618;446
619;446
620;446
621;446
622;446
5
300;439
298;440
299;440
300;440
299;441
1
301;438
24
910;435
910;436
911;436
910;437
911;437
912;437
910;438
911;438
912;438
913;438
911;439
912;439
913;439
914;439
912;440
913;440
914;440
915;440
913;441
914;441
915;441
913;442
914;442
915;442
38
530;433
525;434
526;434
527;434
528;434
529;434
530;434
525;435
526;435
527;435
528;435
529;435
530;435
525;436
526;436
527;436
528;436
529;436
530;436
526;437
527;437
528;437
529;437
530;437
526;438
527;438
528;438
529;438
530;438
526;439
527;439
528;439
529;439
530;439
527;440
528;440
529;440
530;440
17
558;427
558;428
558;429
559;429
560;429
559;430
560;430
561;430
559;431
560;431
561;431
559;432
560;432
561;432
559;433
560;433
559;434
42
618;419
619;419
617;420
618;420
619;420
620;420
617;421
618;421
619;421
620;421
621;421
622;421
617;422
618;422
619;422
620;422
621;422
622;422
617;423
618;423
619;423
620;423
621;423
622;423
623;423
618;424
619;424
620;424
621;424
622;424
623;424
618;425
619;425
620;425
621;425
622;425
623;425
618;426
619;426
620;426
621;426
622;426
29
498;418
499;418
500;418
501;418
502;418
503;418
504;418
497;419
498;419
499;419
500;419
501;419
502;419
496;420
497;420
498;420
499;420
500;420
496;421
497;421
498;421
499;421
495;422
496;422
497;422
498;422
495;423
496;423
497;423
1
853;417
38
710;413
711;413
709;414
710;414
711;414
712;414
713;414
709;415
710;415
711;415
712;415
709;416
710;416
711;416
712;416
708;417
709;417
710;417
711;417
707;418
708;418
709;418
710;418
707;419
708;419
709;419
710;419
707;420
708;420
709;420
710;420
709;421
710;421
709;422
710;422
709;423
710;423
710;424
14
664;397
665;397
666;397
667;397
663;398
664;398
665;398
666;398
667;398
663;399
664;399
665;399
666;399
665;400
15
508;397
509;397
510;397
511;397
507;398
508;398
509;398
510;398
511;398
507;399
508;399
509;399
510;399
508;400
509;400
1
110;394
1
111;393
7
675;392
673;393
674;393
675;393
672;394
673;394
674;394
64
891;388
890;389
891;389
892;389
890;390
891;390
892;390
893;390
894;390
891;391
892;391
893;391
894;391
895;391
892;392
893;392
894;392
895;392
896;392
894;393
895;393
896;393
897;393
898;393
895;394
896;394
897;394
898;394
899;394
895;395
896;395
897;395
898;395
899;395
896;396
897;396
898;396
899;396
900;396
896;397
897;397
898;397
899;397
900;397
897;398
898;398
899;398
900;398
901;398
898;399
899;399
900;399
901;399
898;400
899;400
900;400
901;400
902;400
899;401
900;401
901;401
902;401
900;402
901;402
8
568;383
569;383
570;383
567;384
568;384
569;384
570;384
571;384
41
659;379
658;380
659;380
660;380
657;381
658;381
659;381
660;381
661;381
652;382
653;382
654;382
655;382
656;382
657;382
658;382
659;382
660;382
661;382
662;382
652;383
653;383
654;383
655;383
656;383
657;383
658;383
659;383
660;383
661;383
662;383
663;383
655;384
656;384
657;384
658;384
659;384
660;384
661;384
662;384
661;385
10
257;379
256;380
257;380
258;380
256;381
257;381
258;381
256;382
257;382
258;382
30
514;370
513;371
514;371
513;372
514;372
514;373
515;373
516;373
514;374
515;374
516;374
517;374
518;374
519;374
514;375
515;375
516;375
517;375
518;375
519;375
515;376
516;376
517;376
518;376
519;376
515;377
516;377
517;377
518;377
517;378
2
557;369
558;369
1
559;368
1
560;367
16
544;367
545;367
544;368
545;368
543;369
544;369
545;369
543;370
544;370
545;370
544;371
545;371
545;372
546;372
545;373
546;373
1
140;358
4
127;358
128;358
129;358
129;359
3
642;353
643;353
643;354
24
134;353
133;354
134;354
135;354
132;355
133;355
134;355
135;355
136;355
131;356
132;356
133;356
134;356
135;356
136;356
137;356
131;357
132;357
133;357
134;357
135;357
136;357
137;357
138;357
42
860;352
861;352
862;352
863;352
858;353
859;353
860;353
861;353
862;353
863;353
858;354
859;354
860;354
861;354
862;354
863;354
858;355
859;355
860;355
861;355
862;355
863;355
858;356
859;356
860;356
861;356
862;356
863;356
859;357
860;357
861;357
862;357
863;357
859;358
860;358
861;358
862;358
863;358
860;359
861;359
862;359
862;360
4
259;351
260;351
261;351
262;351
124
272;348
273;348
274;348
275;348
276;348
277;348
272;349
273;349
274;349
275;349
276;349
277;349
278;349
272;350
273;350
274;350
275;350
276;350
277;350
278;350
279;350
272;351
273;351
274;351
275;351
276;351
277;351
278;351
279;351
272;352
273;352
274;352
275;352
276;352
277;352
278;352
279;352
280;352
271;353
272;353
273;353
274;353
275;353
276;353
277;353
278;353
279;353
280;353
267;354
268;354
269;354
270;354
271;354
272;354
273;354
274;354
275;354
276;354
277;354
278;354
279;354
280;354
281;354
267;355
268;355
269;355
270;355
271;355
272;355
273;355
274;355
275;355
276;355
277;355
278;355
279;355
280;355
281;355
267;356
268;356
269;356
270;356
271;356
272;356
273;356
274;356
275;356
276;356
277;356
278;356
279;356
280;356
267;357
268;357
269;357
270;357
271;357
272;357
273;357
274;357
275;357
276;357
277;357
278;357
279;357
268;358
269;358
270;358
271;358
272;358
273;358
274;358
275;358
276;358
277;358
278;358
271;359
272;359
273;359
274;359
275;359
276;359
277;359
276;360
41
565;344
566;344
563;345
564;345
565;345
566;345
567;345
562;346
563;346
564;346
565;346
566;346
567;346
561;347
562;347
563;347
564;347
565;347
566;347
567;347
560;348
561;348
562;348
563;348
564;348
565;348
566;348
560;349
561;349
562;349
563;349
564;349
565;349
560;350
561;350
562;350
563;350
564;350
560;351
561;351
562;351
6
548;344
549;344
550;344
551;344
548;345
549;345
28
667;343
668;343
669;343
667;344
668;344
669;344
666;345
667;345
668;345
669;345
666;346
667;346
668;346
669;346
670;346
671;346
667;347
668;347
669;347
670;347
671;347
668;348
669;348
670;348
671;348
669;349
670;349
669;350
35
241;331
242;331
240;332
241;332
242;332
243;332
240;333
241;333
242;333
243;333
244;333
240;334
241;334
242;334
243;334
244;334
245;334
241;335
242;335
243;335
244;335
241;336
242;336
243;336
244;336
241;337
242;337
243;337
244;337
242;338
243;338
244;338
242;339
243;339
244;339
15
785;315
786;315
785;316
786;316
784;317
785;317
786;317
787;317
785;318
786;318
787;318
786;319
787;319
787;320
787;321
31
556;313
557;313
558;313
555;314
556;314
557;314
558;314
555;315
556;315
557;315
558;315
555;316
556;316
557;316
558;316
555;317
556;317
557;317
558;317
559;317
555;318
556;318
557;318
558;318
555;319
556;319
557;319
555;320
556;320
555;321
556;321
2
259;313
260;313
1
498;312
4
240;310
240;311
241;311
240;312
12
502;307
501;308
502;308
503;308
500;309
501;309
502;309
499;310
500;310
501;310
499;311
500;311
5
94;307
95;307
94;308
95;308
94;309
21
13;307
11;308
12;308
13;308
14;308
15;308
16;308
17;308
18;308
19;308
20;308
21;308
22;308
11;309
12;309
13;309
14;309
15;309
12;310
13;310
14;310
36
728;303
729;303
730;303
727;304
728;304
729;304
730;304
731;304
727;305
728;305
729;305
730;305
731;305
726;306
727;306
728;306
729;306
730;306
731;306
732;306
725;307
726;307
727;307
728;307
729;307
730;307
731;307
725;308
726;308
727;308
728;308
729;308
730;308
725;309
726;309
727;309
1
742;300
2
72;300
72;301
3
321;299
321;300
321;301
11
350;298
350;299
351;299
352;299
350;300
351;300
352;300
353;300
350;301
351;301
352;301
2
322;297
322;298
3
676;286
675;287
676;287
1
602;286
36
521;285
522;285
520;286
521;286
522;286
523;286
524;286
519;287
520;287
521;287
522;287
523;287
524;287
519;288
520;288
521;288
522;288
523;288
524;288
525;288
519;289
520;289
521;289
522;289
523;289
524;289
519;290
520;290
521;290
522;290
523;290
524;290
520;291
521;291
522;291
523;291
19
690;280
691;280
692;280
692;281
693;281
693;282
694;282
693;283
694;283
695;283
694;284
695;284
694;285
695;285
694;286
695;286
694;287
695;287
695;288
22
559;277
557;278
558;278
559;278
560;278
556;279
557;279
558;279
559;279
560;279
561;279
557;280
558;280
559;280
560;280
561;280
557;281
558;281
559;281
560;281
558;282
559;282
49
725;276
726;276
727;276
728;276
721;277
722;277
723;277
724;277
725;277
726;277
727;277
728;277
729;277
722;278
723;278
724;278
725;278
726;278
727;278
728;278
729;278
723;279
724;279
725;279
726;279
727;279
728;279
729;279
730;279
725;280
726;280
727;280
728;280
729;280
730;280
728;281
729;281
730;281
729;282
730;282
731;282
730;283
731;283
730;284
731;284
730;285
731;285
730;286
731;286
8
254;273
255;273
253;274
254;274
255;274
253;275
254;275
255;275
44
810;272
810;273
811;273
809;274
810;274
811;274
809;275
810;275
811;275
812;275
810;276
811;276
812;276
810;277
811;277
812;277
813;277
810;278
811;278
812;278
813;278
814;278
810;279
811;279
812;279
813;279
814;279
810;280
811;280
812;280
813;280
814;280
811;281
812;281
813;281
814;281
811;282
812;282
813;282
814;282
812;283
813;283
814;283
813;284
38
324;270
324;271
324;272
324;273
324;274
325;274
324;275
325;275
326;275
327;275
324;276
325;276
326;276
327;276
328;276
324;277
325;277
326;277
327;277
328;277
323;278
324;278
325;278
326;278
327;278
328;278
329;278
321;279
322;279
323;279
324;279
325;279
326;279
327;279
328;279
329;279
326;280
327;280
1
513;268
41
313;258
314;258
312;259
313;259
314;259
315;259
311;260
312;260
313;260
314;260
315;260
316;260
311;261
312;261
313;261
314;261
315;261
316;261
317;261
310;262
311;262
312;262
313;262
314;262
315;262
316;262
317;262
310;263
311;263
312;263
313;263
314;263
315;263
316;263
317;263
313;264
314;264
315;264
316;264
317;264
317;265
3
242;257
242;258
243;258
50
381;255
382;255
383;255
381;256
382;256
383;256
381;257
381;258
381;259
381;260
381;261
381;262
380;263
381;263
373;264
374;264
375;264
376;264
377;264
378;264
379;264
380;264
381;264
373;265
374;265
375;265
376;265
377;265
378;265
379;265
380;265
372;266
373;266
374;266
375;266
376;266
377;266
378;266
379;266
372;267
373;267
374;267
375;267
372;268
373;268
374;268
372;269
373;269
372;270
373;270
7
707;254
708;254
709;254
708;255
709;255
710;255
709;256
9
211;254
210;255
211;255
211;256
212;256
213;256
214;256
213;257
214;257
144
357;249
355;250
356;250
357;250
358;250
354;251
355;251
356;251
357;251
358;251
359;251
360;251
354;252
355;252
356;252
357;252
358;252
359;252
360;252
361;252
353;253
354;253
355;253
356;253
357;253
358;253
359;253
360;253
361;253
352;254
353;254
354;254
355;254
356;254
357;254
358;254
359;254
360;254
361;254
362;254
352;255
353;255
354;255
355;255
356;255
357;255
358;255
359;255
360;255
361;255
362;255
353;256
354;256
355;256
356;256
357;256
358;256
359;256
360;256
361;256
362;256
354;257
355;257
356;257
357;257
358;257
359;257
360;257
361;257
362;257
363;257
354;258
355;258
356;258
357;258
358;258
359;258
360;258
361;258
362;258
363;258
354;259
355;259
356;259
357;259
358;259
359;259
360;259
361;259
362;259
363;259
354;260
355;260
356;260
357;260
358;260
359;260
360;260
361;260
362;260
354;261
355;261
356;261
357;261
358;261
359;261
360;261
361;261
362;261
354;262
355;262
356;262
357;262
358;262
354;263
355;263
356;263
357;263
358;263
354;264
355;264
356;264
357;264
358;264
353;265
354;265
355;265
356;265
357;265
358;265
353;266
354;266
355;266
356;266
357;266
354;267
355;267
356;267
357;267
354;268
355;268
356;268
355;269
356;269
30
596;243
597;243
595;244
596;244
597;244
594;245
595;245
596;245
597;245
594;246
595;246
596;246
597;246
593;247
594;247
595;247
596;247
597;247
598;247
599;247
593;248
594;248
595;248
596;248
597;248
598;248
599;248
600;248
601;248
600;249
20
118;238
119;238
118;239
119;239
120;239
121;239
122;239
123;239
118;240
119;240
120;240
121;240
122;240
119;241
120;241
121;241
122;241
119;242
120;242
121;242
14
405;235
405;236
406;236
407;236
406;237
407;237
408;237
409;237
407;238
408;238
409;238
408;239
409;239
409;240
6
692;233
693;233
694;233
692;234
693;234
694;234
2
480;233
481;233
1
479;232
5
498;230
498;231
499;231
500;231
500;232
37
225;225
226;225
227;225
228;225
229;225
230;225
225;226
226;226
227;226
228;226
229;226
230;226
225;227
226;227
227;227
228;227
229;227
225;228
226;228
227;228
228;228
229;228
225;229
226;229
227;229
228;229
225;230
226;230
227;230
228;230
225;231
226;231
227;231
225;232
226;232
224;233
225;233
1
36;224
4
506;222
507;222
508;222
507;223
4
147;222
147;223
147;224
147;225
105
402;219
400;220
401;220
402;220
403;220
404;220
405;220
398;221
399;221
400;221
401;221
402;221
403;221
404;221
405;221
406;221
407;221
398;222
399;222
400;222
401;222
402;222
403;222
404;222
405;222
406;222
407;222
397;223
398;223
399;223
400;223
401;223
402;223
403;223
404;223
405;223
406;223
407;223
408;223
409;223
410;223
411;223
397;224
398;224
399;224
400;224
401;224
402;224
403;224
404;224
405;224
406;224
407;224
408;224
409;224
410;224
396;225
397;225
398;225
399;225
400;225
401;225
402;225
403;225
404;225
405;225
406;225
407;225
408;225
409;225
410;225
396;226
397;226
398;226
399;226
400;226
401;226
402;226
403;226
404;226
405;226
406;226
407;226
408;226
409;226
410;226
393;227
394;227
395;227
396;227
397;227
398;227
399;227
400;227
401;227
402;227
403;227
404;227
405;227
406;227
407;227
408;227
393;228
404;228
393;229
12
735;217
734;218
735;218
732;219
733;219
734;219
730;220
731;220
732;220
733;220
730;221
731;221
27
220;217
218;218
219;218
220;218
217;219
218;219
219;219
220;219
216;220
217;220
218;220
219;220
220;220
215;221
216;221
217;221
218;221
219;221
220;221
221;221
216;222
217;222
218;222
219;222
220;222
221;222
222;222
11
333;216
332;217
333;217
334;217
331;218
332;218
333;218
331;219
332;219
333;219
332;220
11
494;214
492;215
493;215
494;215
495;215
493;216
494;216
495;216
496;216
493;217
494;217
41
446;211
447;211
448;211
449;211
450;211
446;212
447;212
448;212
449;212
450;212
451;212
452;212
453;212
454;212
455;212
446;213
447;213
448;213
449;213
450;213
451;213
452;213
453;213
454;213
446;214
447;214
448;214
449;214
450;214
451;214
452;214
453;214
447;215
448;215
449;215
450;215
451;215
452;215
449;216
450;216
451;216
32
726;201
727;201
728;201
726;202
727;202
728;202
729;202
726;203
727;203
728;203
729;203
730;203
726;204
727;204
728;204
729;204
730;204
727;205
728;205
729;205
730;205
727;206
728;206
729;206
730;206
731;206
728;207
729;207
730;207
731;207
729;208
730;208
11
431;201
432;201
430;202
431;202
432;202
433;202
432;203
433;203
434;203
433;204
433;205
8
553;199
554;199
555;199
556;199
553;200
554;200
555;200
556;200
18
448;195
449;195
450;195
447;196
448;196
449;196
450;196
451;196
452;196
447;197
448;197
449;197
450;197
451;197
452;197
453;197
453;198
454;198
16
490;191
491;191
489;192
490;192
491;192
488;193
489;193
490;193
488;194
489;194
490;194
487;195
488;195
489;195
488;196
489;196
4
544;190
543;191
544;191
545;191
7
376;188
377;188
375;189
376;189
377;189
378;189
376;190
9
592;187
593;187
592;188
593;188
594;188
592;189
593;189
592;190
592;191
3
338;180
339;180
339;181
47
735;177
734;178
735;178
736;178
737;178
734;179
735;179
736;179
737;179
738;179
734;180
735;180
736;180
737;180
738;180
739;180
733;181
734;181
735;181
736;181
737;181
738;181
739;181
732;182
733;182
734;182
735;182
736;182
737;182
738;182
739;182
732;183
733;183
734;183
735;183
736;183
737;183
738;183
739;183
737;184
738;184
739;184
739;185
740;185
740;186
741;186
740;187
5
98;167
99;167
100;167
100;168
101;168
8
844;166
844;167
845;167
845;168
846;168
846;169
847;169
847;170
79
327;159
328;159
329;159
327;160
328;160
329;160
330;160
327;161
328;161
329;161
330;161
331;161
326;162
327;162
328;162
329;162
330;162
331;162
332;162
326;163
327;163
328;163
329;163
330;163
331;163
325;164
326;164
327;164
328;164
329;164
330;164
331;164
325;165
326;165
327;165
328;165
329;165
330;165
331;165
324;166
325;166
326;166
327;166
328;166
329;166
330;166
331;166
324;167
325;167
326;167
327;167
328;167
329;167
330;167
331;167
325;168
326;168
327;168
328;168
329;168
330;168
331;168
326;169
327;169
328;169
329;169
330;169
331;169
327;170
328;170
329;170
330;170
331;170
328;171
329;171
330;171
331;171
329;172
330;172
8
437;155
438;155
439;155
437;156
438;156
439;156
438;157
439;157
64
406;144
405;145
406;145
405;146
406;146
406;147
406;148
406;149
406;150
406;151
406;152
407;152
408;152
409;152
406;153
407;153
408;153
409;153
406;154
407;154
408;154
409;154
406;155
407;155
408;155
409;155
402;156
403;156
404;156
405;156
406;156
407;156
408;156
409;156
403;157
404;157
405;157
406;157
407;157
408;157
409;157
403;158
404;158
405;158
406;158
407;158
408;158
409;158
410;158
404;159
405;159
406;159
407;159
408;159
409;159
405;160
406;160
407;160
408;160
405;161
406;161
407;161
408;161
406;162
20
333;143
334;143
332;144
333;144
334;144
335;144
331;145
332;145
333;145
334;145
335;145
331;146
332;146
333;146
334;146
335;146
331;147
332;147
333;147
334;147
37
659;138
658;139
659;139
660;139
661;139
657;140
658;140
659;140
660;140
661;140
662;140
657;141
658;141
659;141
660;141
661;141
662;141
658;142
659;142
660;142
661;142
662;142
658;143
659;143
660;143
661;143
662;143
663;143
659;144
660;144
661;144
662;144
663;144
664;144
661;145
662;145
663;145
2
329;130
330;130
69
691;126
691;127
692;127
691;128
692;128
693;128
694;128
691;129
692;129
693;129
694;129
690;130
691;130
692;130
693;130
694;130
695;130
690;131
691;131
692;131
693;131
694;131
695;131
696;131
690;132
691;132
692;132
693;132
694;132
695;132
696;132
697;132
690;133
691;133
692;133
693;133
694;133
695;133
696;133
697;133
698;133
690;134
691;134
692;134
693;134
694;134
695;134
696;134
697;134
698;134
699;134
691;135
692;135
693;135
694;135
695;135
696;135
697;135
698;135
692;136
693;136
694;136
695;136
696;136
697;136
694;137
695;137
696;137
695;138
7
321;126
322;126
321;127
322;127
323;127
322;128
323;128
1
524;125
64
942;121
943;121
944;121
945;121
946;121
941;122
942;122
943;122
944;122
945;122
946;122
947;122
948;122
941;123
942;123
943;123
944;123
945;123
946;123
947;123
948;123
941;124
942;124
943;124
944;124
945;124
946;124
947;124
948;124
949;124
942;125
943;125
944;125
945;125
946;125
947;125
948;125
949;125
942;126
943;126
944;126
945;126
946;126
947;126
948;126
949;126
943;127
944;127
945;127
946;127
947;127
948;127
949;127
944;128
945;128
946;128
947;128
948;128
949;128
945;129
946;129
947;129
948;129
949;129
61
677;118
678;118
679;118
680;118
681;118
682;118
675;119
676;119
677;119
678;119
679;119
680;119
681;119
682;119
683;119
684;119
675;120
676;120
677;120
678;120
679;120
680;120
681;120
682;120
683;120
684;120
685;120
686;120
676;121
677;121
678;121
679;121
680;121
681;121
682;121
683;121
684;121
685;121
686;121
687;121
677;122
678;122
679;122
680;122
681;122
682;122
683;122
684;122
685;122
686;122
687;122
677;123
678;123
679;123
680;123
681;123
682;123
683;123
678;124
679;124
680;124
39
795;112
796;112
794;113
795;113
796;113
797;113
794;114
795;114
796;114
797;114
793;115
794;115
795;115
796;115
797;115
793;116
794;116
795;116
796;116
793;117
794;117
795;117
796;117
793;118
794;118
795;118
796;118
793;119
794;119
795;119
796;119
794;120
795;120
796;120
794;121
795;121
794;122
795;122
794;123
18
387;112
387;113
388;113
389;113
387;114
388;114
389;114
390;114
391;114
392;114
393;114
394;114
395;114
388;115
389;115
390;115
391;115
392;115
40
419;107
417;108
418;108
419;108
420;108
416;109
417;109
418;109
419;109
420;109
421;109
415;110
416;110
417;110
418;110
419;110
420;110
421;110
416;111
417;111
418;111
419;111
420;111
421;111
416;112
417;112
418;112
419;112
420;112
421;112
417;113
418;113
419;113
420;113
421;113
419;114
420;114
421;114
420;115
421;115
13
325;106
326;106
325;107
326;107
327;107
325;108
326;108
327;108
325;109
326;109
327;109
326;110
327;110
9
741;104
742;104
743;104
741;105
742;105
743;105
741;106
742;106
743;106
2
115;104
115;105
54
639;100
640;100
641;100
635;101
636;101
637;101
638;101
639;101
640;101
641;101
642;101
643;101
634;102
635;102
636;102
637;102
638;102
639;102
640;102
641;102
642;102
634;103
635;103
636;103
637;103
638;103
639;103
640;103
641;103
642;103
635;104
636;104
637;104
638;104
639;104
640;104
641;104
635;105
636;105
637;105
638;105
639;105
640;105
641;105
636;106
637;106
638;106
639;106
640;106
641;106
638;107
639;107
640;107
639;108
52
533;97
534;97
535;97
533;98
534;98
535;98
536;98
537;98
538;98
532;99
533;99
534;99
535;99
536;99
537;99
538;99
539;99
531;100
532;100
533;100
534;100
535;100
536;100
537;100
538;100
539;100
531;101
532;101
533;101
534;101
530;102
531;102
532;102
533;102
534;102
529;103
530;103
531;103
532;103
533;103
529;104
530;104
531;104
532;104
528;105
529;105
530;105
528;106
529;106
530;106
528;107
529;107
54
559;96
560;96
561;96
562;96
558;97
559;97
560;97
561;97
562;97
557;98
558;98
559;98
560;98
561;98
557;99
558;99
559;99
560;99
561;99
557;100
558;100
559;100
560;100
561;100
557;101
558;101
559;101
560;101
561;101
556;102
557;102
558;102
559;102
552;103
553;103
554;103
555;103
556;103
557;103
552;104
553;104
554;104
555;104
556;104
550;105
551;105
552;105
553;105
554;105
555;105
550;106
551;106
552;106
553;106
2
169;95
169;96
4
623;92
622;93
623;93
622;94
41
857;89
856;90
857;90
858;90
855;91
856;91
857;91
858;91
859;91
854;92
855;92
856;92
857;92
858;92
859;92
853;93
854;93
855;93
856;93
857;93
858;93
852;94
853;94
854;94
855;94
856;94
857;94
858;94
852;95
853;95
854;95
855;95
856;95
857;95
851;96
852;96
853;96
854;96
855;96
856;96
851;97
3
256;89
256;90
256;91
276
717;87
718;87
715;88
716;88
717;88
718;88
719;88
720;88
714;89
715;89
716;89
717;89
718;89
719;89
720;89
721;89
722;89
710;90
711;90
712;90
713;90
714;90
715;90
716;90
717;90
718;90
719;90
720;90
721;90
722;90
723;90
724;90
709;91
710;91
711;91
712;91
713;91
714;91
715;91
716;91
717;91
718;91
719;91
720;91
721;91
722;91
723;91
724;91
725;91
709;92
710;92
711;92
712;92
713;92
714;92
715;92
716;92
717;92
718;92
719;92
720;92
721;92
722;92
723;92
724;92
725;92
709;93
710;93
711;93
712;93
713;93
714;93
715;93
716;93
717;93
718;93
719;93
720;93
721;93
722;93
723;93
724;93
725;93
726;93
709;94
710;94
711;94
712;94
713;94
714;94
715;94
716;94
717;94
718;94
719;94
720;94
721;94
722;94
723;94
724;94
725;94
726;94
709;95
710;95
711;95
712;95
713;95
714;95
715;95
716;95
717;95
718;95
719;95
720;95
721;95
722;95
723;95
724;95
725;95
726;95
727;95
710;96
711;96
712;96
713;96
714;96
715;96
716;96
717;96
718;96
719;96
720;96
721;96
722;96
723;96
724;96
725;96
726;96
711;97
712;97
713;97
714;97
715;97
716;97
717;97
718;97
719;97
720;97
721;97
722;97
723;97
724;97
725;97
713;98
714;98
715;98
716;98
717;98
718;98
719;98
720;98
721;98
722;98
723;98
724;98
714;99
715;99
716;99
717;99
718;99
719;99
720;99
721;99
722;99
723;99
714;100
715;100
716;100
717;100
718;100
719;100
720;100
721;100
722;100
723;100
714;101
715;101
716;101
717;101
718;101
719;101
720;101
721;101
722;101
723;101
714;102
715;102
716;102
717;102
718;102
719;102
720;102
721;102
722;102
723;102
714;103
715;103
716;103
717;103
718;103
719;103
720;103
721;103
722;103
723;103
714;104
715;104
716;104
717;104
718;104
719;104
720;104
721;104
722;104
723;104
714;105
715;105
716;105
717;105
718;105
719;105
720;105
721;105
722;105
723;105
715;106
716;106
717;106
718;106
719;106
720;106
721;106
722;106
723;106
715;107
716;107
717;107
718;107
719;107
720;107
721;107
722;107
723;107
716;108
717;108
718;108
719;108
720;108
721;108
722;108
723;108
717;109
718;109
719;109
720;109
721;109
722;109
723;109
724;109
719;110
720;110
721;110
722;110
723;110
721;111
722;111
3
377;87
377;88
377;89
7
699;85
700;85
700;86
701;86
702;86
701;87
702;87
1
671;85
3
376;84
376;85
376;86
5
670;82
669;83
670;83
669;84
670;84
54
510;82
511;82
509;83
510;83
511;83
512;83
508;84
509;84
510;84
511;84
512;84
513;84
507;85
508;85
509;85
510;85
511;85
512;85
513;85
506;86
507;86
508;86
509;86
510;86
511;86
512;86
513;86
506;87
507;87
508;87
509;87
510;87
511;87
512;87
505;88
506;88
507;88
508;88
509;88
510;88
511;88
505;89
506;89
507;89
508;89
509;89
510;89
505;90
506;90
507;90
508;90
509;90
507;91
508;91
23
402;69
403;69
400;70
401;70
402;70
403;70
404;70
405;70
402;71
403;71
404;71
405;71
406;71
407;71
403;72
404;72
405;72
406;72
407;72
405;73
406;73
407;73
407;74
10
367;68
368;68
369;68
367;69
368;69
369;69
370;69
368;70
369;70
370;70
1
366;66
3
659;63
659;64
660;64
8
179;61
180;61
181;61
178;62
179;62
180;62
178;63
179;63
9
363;58
364;58
363;59
364;59
363;60
364;60
363;61
364;61
364;62
42
606;55
607;55
608;55
609;55
604;56
605;56
606;56
607;56
608;56
609;56
610;56
603;57
604;57
605;57
606;57
607;57
608;57
609;57
602;58
603;58
604;58
605;58
606;58
607;58
608;58
602;59
603;59
604;59
605;59
606;59
607;59
608;59
603;60
604;60
605;60
606;60
607;60
603;61
604;61
605;61
606;61
604;62
2
678;52
679;52
6
768;45
768;46
769;46
768;47
769;47
769;48
1
767;44
21
587;36
588;36
589;36
587;37
588;37
589;37
590;37
587;38
588;38
589;38
590;38
588;39
589;39
590;39
588;40
589;40
590;40
589;41
590;41
591;41
590;42
1
316;20
19
439;14
440;14
441;14
442;14
438;15
439;15
440;15
441;15
442;15
439;16
440;16
441;16
442;16
440;17
441;17
442;17
443;17
441;18
442;18
3576
0;0
1;0
2;0
3;0
4;0
5;0
6;0
7;0
8;0
9;0
10;0
11;0
12;0
13;0
14;0
15;0
16;0
17;0
18;0
19;0
20;0
21;0
22;0
23;0
24;0
25;0
26;0
27;0
28;0
29;0
30;0
31;0
32;0
33;0
34;0
35;0
36;0
37;0
38;0
39;0
40;0
41;0
42;0
43;0
44;0
45;0
46;0
47;0
48;0
49;0
50;0
51;0
52;0
53;0
54;0
55;0
56;0
57;0
58;0
59;0
60;0
61;0
62;0
63;0
64;0
65;0
66;0
67;0
68;0
69;0
70;0
71;0
72;0
73;0
74;0
75;0
76;0
77;0
78;0
79;0
80;0
81;0
82;0
83;0
84;0
85;0
86;0
87;0
88;0
89;0
90;0
91;0
92;0
93;0
94;0
95;0
96;0
97;0
98;0
99;0
100;0
101;0
102;0
103;0
104;0
105;0
106;0
107;0
108;0
109;0
110;0
111;0
112;0
113;0
114;0
115;0
116;0
117;0
118;0
119;0
120;0
121;0
122;0
123;0
124;0
125;0
126;0
127;0
128;0
129;0
130;0
131;0
132;0
133;0
134;0
135;0
136;0
137;0
138;0
139;0
140;0
141;0
142;0
143;0
144;0
145;0
146;0
147;0
148;0
149;0
150;0
151;0
152;0
153;0
154;0
155;0
156;0
157;0
158;0
159;0
160;0
161;0
162;0
163;0
164;0
165;0
166;0
167;0
168;0
169;0
170;0
171;0
172;0
173;0
174;0
175;0
176;0
177;0
178;0
179;0
180;0
181;0
182;0
183;0
184;0
185;0
186;0
187;0
188;0
189;0
190;0
191;0
192;0
193;0
194;0
195;0
196;0
197;0
198;0
199;0
200;0
201;0
202;0
203;0
204;0
205;0
206;0
207;0
208;0
209;0
210;0
211;0
212;0
213;0
214;0
215;0
216;0
217;0
218;0
219;0
220;0
221;0
222;0
223;0
224;0
225;0
226;0
227;0
228;0
229;0
230;0
231;0
232;0
233;0
234;0
235;0
236;0
237;0
238;0
239;0
240;0
241;0
242;0
243;0
244;0
245;0
246;0
247;0
248;0
249;0
250;0
251;0
252;0
253;0
254;0
255;0
256;0
257;0
258;0
259;0
260;0
261;0
262;0
263;0
264;0
265;0
266;0
267;0
268;0
269;0
270;0
271;0
272;0
273;0
274;0
275;0
276;0
277;0
278;0
279;0
280;0
281;0
282;0
283;0
284;0
285;0
286;0
287;0
288;0
289;0
290;0
291;0
292;0
293;0
294;0
295;0
296;0
297;0
298;0
299;0
300;0
301;0
302;0
303;0
304;0
305;0
306;0
307;0
308;0
309;0
310;0
311;0
312;0
313;0
314;0
315;0
316;0
317;0
318;0
319;0
320;0
321;0
322;0
323;0
324;0
325;0
326;0
327;0
328;0
329;0
330;0
331;0
332;0
333;0
334;0
335;0
336;0
337;0
338;0
339;0
340;0
341;0
342;0
343;0
344;0
345;0
346;0
347;0
348;0
349;0
350;0
351;0
352;0
353;0
354;0
355;0
356;0
357;0
358;0
359;0
360;0
361;0
362;0
363;0
364;0
365;0
366;0
367;0
368;0
369;0
370;0
371;0
372;0
373;0
374;0
375;0
376;0
377;0
378;0
379;0
380;0
381;0
382;0
383;0
384;0
385;0
386;0
387;0
388;0
389;0
390;0
391;0
392;0
393;0
394;0
395;0
396;0
397;0
398;0
399;0
400;0
401;0
402;0
403;0
404;0
405;0
406;0
407;0
408;0
409;0
410;0
411;0
412;0
413;0
414;0
415;0
416;0
417;0
418;0
419;0
420;0
421;0
422;0
423;0
424;0
425;0
426;0
427;0
428;0
429;0
430;0
431;0
432;0
433;0
434;0
435;0
436;0
437;0
438;0
439;0
440;0
441;0
442;0
443;0
444;0
445;0
446;0
447;0
448;0
449;0
450;0
451;0
452;0
453;0
454;0
455;0
456;0
457;0
458;0
459;0
460;0
461;0
462;0
463;0
464;0
465;0
466;0
467;0
468;0
469;0
470;0
471;0
472;0
473;0
474;0
475;0
476;0
477;0
478;0
479;0
480;0
481;0
482;0
483;0
484;0
485;0
486;0
487;0
488;0
489;0
490;0
491;0
492;0
493;0
494;0
495;0
496;0
497;0
498;0
499;0
500;0
501;0
502;0
503;0
504;0
505;0
506;0
507;0
508;0
509;0
510;0
511;0
512;0
513;0
514;0
515;0
516;0
517;0
518;0
519;0
520;0
521;0
522;0
523;0
524;0
525;0
526;0
527;0
528;0
529;0
530;0
531;0
532;0
533;0
534;0
535;0
536;0
537;0
538;0
539;0
540;0
541;0
542;0
543;0
544;0
545;0
546;0
547;0
548;0
549;0
550;0
551;0
552;0
553;0
554;0
555;0
556;0
557;0
558;0
559;0
560;0
561;0
562;0
563;0
564;0
565;0
566;0
567;0
568;0
569;0
570;0
571;0
572;0
573;0
574;0
575;0
576;0
577;0
578;0
579;0
580;0
581;0
582;0
583;0
584;0
585;0
586;0
587;0
588;0
589;0
590;0
591;0
592;0
593;0
594;0
595;0
596;0
597;0
598;0
599;0
600;0
601;0
602;0
603;0
604;0
605;0
606;0
607;0
608;0
609;0
610;0
611;0
612;0
613;0
614;0
615;0
616;0
617;0
618;0
619;0
620;0
621;0
622;0
623;0
624;0
625;0
626;0
627;0
628;0
629;0
630;0
631;0
632;0
633;0
634;0
635;0
636;0
637;0
638;0
639;0
640;0
641;0
642;0
643;0
644;0
645;0
646;0
647;0
648;0
649;0
650;0
651;0
652;0
653;0
654;0
655;0
656;0
657;0
658;0
659;0
660;0
661;0
662;0
663;0
664;0
665;0
666;0
667;0
668;0
669;0
670;0
671;0
672;0
673;0
674;0
675;0
676;0
677;0
678;0
679;0
680;0
681;0
682;0
683;0
684;0
685;0
686;0
687;0
688;0
689;0
690;0
691;0
692;0
693;0
694;0
695;0
696;0
697;0
698;0
699;0
700;0
701;0
702;0
703;0
704;0
705;0
706;0
707;0
708;0
709;0
710;0
711;0
712;0
713;0
714;0
715;0
716;0
717;0
718;0
719;0
720;0
721;0
722;0
723;0
724;0
725;0
726;0
727;0
728;0
729;0
730;0
731;0
732;0
733;0
734;0
735;0
736;0
737;0
738;0
739;0
740;0
741;0
742;0
743;0
744;0
745;0
746;0
747;0
748;0
749;0
750;0
751;0
752;0
753;0
754;0
755;0
756;0
757;0
758;0
759;0
760;0
761;0
762;0
763;0
764;0
765;0
766;0
767;0
768;0
769;0
770;0
771;0
772;0
773;0
774;0
775;0
776;0
777;0
778;0
779;0
780;0
781;0
782;0
783;0
784;0
785;0
786;0
787;0
788;0
789;0
790;0
791;0
792;0
793;0
794;0
795;0
796;0
797;0
798;0
799;0
800;0
801;0
802;0
803;0
804;0
805;0
806;0
807;0
808;0
809;0
810;0
811;0
812;0
813;0
814;0
815;0
816;0
817;0
818;0
819;0
820;0
821;0
822;0
823;0
824;0
825;0
826;0
827;0
828;0
829;0
830;0
831;0
832;0
833;0
834;0
835;0
836;0
837;0
838;0
839;0
840;0
841;0
842;0
843;0
844;0
845;0
846;0
847;0
848;0
849;0
850;0
851;0
852;0
853;0
854;0
855;0
856;0
857;0
858;0
859;0
860;0
861;0
862;0
863;0
864;0
865;0
866;0
867;0
868;0
869;0
870;0
871;0
872;0
873;0
874;0
875;0
876;0
877;0
878;0
879;0
880;0
881;0
882;0
883;0
884;0
885;0
886;0
887;0
888;0
889;0
890;0
891;0
892;0
893;0
894;0
895;0
896;0
897;0
898;0
899;0
900;0
901;0
902;0
903;0
904;0
905;0
906;0
907;0
908;0
909;0
910;0
911;0
912;0
913;0
914;0
915;0
916;0
917;0
918;0
919;0
920;0
921;0
922;0
923;0
924;0
925;0
926;0
927;0
928;0
929;0
930;0
931;0
932;0
933;0
934;0
935;0
936;0
937;0
938;0
939;0
940;0
941;0
942;0
943;0
944;0
945;0
946;0
947;0
948;0
949;0
950;0
951;0
952;0
953;0
954;0
955;0
956;0
957;0
958;0
959;0
960;0
961;0
962;0
963;0
964;0
965;0
966;0
967;0
968;0
969;0
970;0
971;0
972;0
973;0
974;0
975;0
976;0
977;0
978;0
979;0
980;0
981;0
982;0
983;0
984;0
985;0
986;0
987;0
988;0
989;0
990;0
991;0
992;0
993;0
994;0
995;0
996;0
997;0
998;0
999;0
1000;0
1001;0
1002;0
1003;0
1004;0
1005;0
1006;0
1007;0
1008;0
1009;0
1010;0
1011;0
1012;0
1013;0
1014;0
1015;0
1016;0
1017;0
1018;0
1019;0
1020;0
1021;0
1022;0
1023;0
0;1
1023;1
0;2
1023;2
0;3
1023;3
0;4
1023;4
0;5
1023;5
0;6
1023;6
0;7
1023;7
0;8
1023;8
0;9
1023;9
0;10
1023;10
0;11
1023;11
0;12
1023;12
0;13
1023;13
0;14
1023;14
0;15
1023;15
0;16
1023;16
0;17
1023;17
0;18
1023;18
0;19
1023;19
0;20
1023;20
0;21
1023;21
0;22
1023;22
0;23
1023;23
0;24
1023;24
0;25
1023;25
0;26
1023;26
0;27
1023;27
0;28
1023;28
0;29
1023;29
0;30
1023;30
0;31
1023;31
0;32
1023;32
0;33
1023;33
0;34
1023;34
0;35
1023;35
0;36
1023;36
0;37
1023;37
0;38
1023;38
0;39
1023;39
0;40
1023;40
0;41
1023;41
0;42
1023;42
0;43
1023;43
0;44
1023;44
0;45
1023;45
0;46
1023;46
0;47
1023;47
0;48
1023;48
0;49
1023;49
0;50
1023;50
0;51
1023;51
0;52
1023;52
0;53
1023;53
0;54
1023;54
0;55
1023;55
0;56
1023;56
0;57
1023;57
0;58
1023;58
0;59
1023;59
0;60
1023;60
0;61
1023;61
0;62
1023;62
0;63
1023;63
0;64
1023;64
0;65
1023;65
0;66
1023;66
0;67
1023;67
0;68
1023;68
0;69
1023;69
0;70
1023;70
0;71
1023;71
0;72
1023;72
0;73
1023;73
0;74
1023;74
0;75
1023;75
0;76
1023;76
0;77
1023;77
0;78
1023;78
0;79
1023;79
0;80
1023;80
0;81
1023;81
0;82
1023;82
0;83
1023;83
0;84
1023;84
0;85
1023;85
0;86
1023;86
0;87
1023;87
0;88
1023;88
0;89
1023;89
0;90
1023;90
0;91
1023;91
0;92
1023;92
0;93
1023;93
0;94
1023;94
0;95
1023;95
0;96
1023;96
0;97
1023;97
0;98
1023;98
0;99
1023;99
0;100
1023;100
0;101
1023;101
0;102
1023;102
0;103
1023;103
0;104
1023;104
0;105
1023;105
0;106
1023;106
0;107
1023;107
0;108
1023;108
0;109
1023;109
0;110
1023;110
0;111
1023;111
0;112
1023;112
0;113
1023;113
0;114
1023;114
0;115
1023;115
0;116
1023;116
0;117
1023;117
0;118
1023;118
0;119
1023;119
0;120
1023;120
0;121
1023;121
0;122
1023;122
0;123
1023;123
0;124
1023;124
0;125
1023;125
0;126
1023;126
0;127
1023;127
0;128
1023;128
0;129
1023;129
0;130
1023;130
0;131
1023;131
0;132
1023;132
0;133
1023;133
0;134
1023;134
0;135
1023;135
0;136
1023;136
0;137
1023;137
0;138
1023;138
0;139
1023;139
0;140
1023;140
0;141
1023;141
0;142
1023;142
0;143
1023;143
0;144
1023;144
0;145
1023;145
0;146
1023;146
0;147
1023;147
0;148
1023;148
0;149
1023;149
0;150
1023;150
0;151
1023;151
0;152
1023;152
0;153
1023;153
0;154
1023;154
0;155
1023;155
0;156
1023;156
0;157
1023;157
0;158
1023;158
0;159
1023;159
0;160
1023;160
0;161
1023;161
0;162
1023;162
0;163
1023;163
0;164
1023;164
0;165
1023;165
0;166
1023;166
0;167
1023;167
0;168
1023;168
0;169
1023;169
0;170
1023;170
0;171
1023;171
0;172
1023;172
0;173
1023;173
0;174
1023;174
0;175
1023;175
0;176
1023;176
0;177
1023;177
0;178
1023;178
0;179
1023;179
0;180
1023;180
0;181
1023;181
0;182
1023;182
0;183
1023;183
0;184
1023;184
0;185
1023;185
0;186
1023;186
0;187
1023;187
0;188
1023;188
0;189
1023;189
0;190
1023;190
0;191
1023;191
0;192
1023;192
0;193
1023;193
0;194
1023;194
0;195
1023;195
0;196
1023;196
0;197
1023;197
0;198
1023;198
0;199
1023;199
0;200
1023;200
0;201
1023;201
0;202
1023;202
0;203
1023;203
0;204
1023;204
0;205
1023;205
0;206
1023;206
0;207
1023;207
0;208
1023;208
0;209
1023;209
0;210
1023;210
0;211
1023;211
0;212
1023;212
0;213
1023;213
0;214
1023;214
0;215
1023;215
0;216
1023;216
0;217
1023;217
0;218
1023;218
0;219
1023;219
0;220
1023;220
0;221
1023;221
0;222
1023;222
0;223
1023;223
0;224
1023;224
0;225
1023;225
0;226
1023;226
0;227
1023;227
0;228
1023;228
0;229
1023;229
0;230
1023;230
0;231
1023;231
0;232
1023;232
0;233
1023;233
0;234
1023;234
0;235
1023;235
0;236
1023;236
0;237
1023;237
0;238
1023;238
0;239
1023;239
0;240
1023;240
0;241
1023;241
0;242
1023;242
0;243
1023;243
0;244
1023;244
0;245
1023;245
0;246
1023;246
0;247
1023;247
0;248
1023;248
0;249
1023;249
0;250
1023;250
0;251
1023;251
0;252
1023;252
0;253
1023;253
0;254
1023;254
0;255
1023;255
0;256
1023;256
0;257
1023;257
0;258
1023;258
0;259
1023;259
0;260
1023;260
0;261
1023;261
0;262
1023;262
0;263
1023;263
0;264
1023;264
0;265
1023;265
0;266
1023;266
0;267
1023;267
0;268
1023;268
0;269
1023;269
0;270
1023;270
0;271
1023;271
0;272
1023;272
0;273
1023;273
0;274
1023;274
0;275
1023;275
0;276
1023;276
0;277
1023;277
0;278
1023;278
0;279
1023;279
0;280
1023;280
0;281
1023;281
0;282
1023;282
0;283
1023;283
0;284
1023;284
0;285
1023;285
0;286
1023;286
0;287
1023;287
0;288
1023;288
0;289
1023;289
0;290
1023;290
0;291
1023;291
0;292
1023;292
0;293
1023;293
0;294
1023;294
0;295
1023;295
0;296
1023;296
0;297
1023;297
0;298
1023;298
0;299
1023;299
0;300
1023;300
0;301
1023;301
0;302
1023;302
0;303
1023;303
0;304
1023;304
0;305
1023;305
0;306
1023;306
0;307
1023;307
0;308
1023;308
0;309
1023;309
0;310
1023;310
0;311
1023;311
0;312
1023;312
0;313
1023;313
0;314
1023;314
0;315
1023;315
0;316
1023;316
0;317
1023;317
0;318
1023;318
0;319
1023;319
0;320
1023;320
0;321
1023;321
0;322
1023;322
0;323
1023;323
0;324
1023;324
0;325
1023;325
0;326
1023;326
0;327
1023;327
0;328
1023;328
0;329
1023;329
0;330
1023;330
0;331
1023;331
0;332
1023;332
0;333
1023;333
0;334
1023;334
0;335
1023;335
0;336
1023;336
0;337
1023;337
0;338
1023;338
0;339
1023;339
0;340
1023;340
0;341
1023;341
0;342
1023;342
0;343
1023;343
0;344
1023;344
0;345
1023;345
0;346
1023;346
0;347
1023;347
0;348
1023;348
0;349
1023;349
0;350
1023;350
0;351
1023;351
0;352
1023;352
0;353
1023;353
0;354
1023;354
0;355
1023;355
0;356
1023;356
0;357
1023;357
0;358
1023;358
0;359
1023;359
0;360
1023;360
0;361
1023;361
0;362
1023;362
0;363
1023;363
0;364
1023;364
0;365
1023;365
0;366
1023;366
0;367
1023;367
0;368
1023;368
0;369
1023;369
0;370
1023;370
0;371
1023;371
0;372
1023;372
0;373
1023;373
0;374
1023;374
0;375
1023;375
0;376
1023;376
0;377
1023;377
0;378
1023;378
0;379
1023;379
0;380
1023;380
0;381
1023;381
0;382
1023;382
0;383
1023;383
0;384
1023;384
0;385
1023;385
0;386
1023;386
0;387
1023;387
0;388
1023;388
0;389
1023;389
0;390
1023;390
0;391
1023;391
0;392
1023;392
0;393
1023;393
0;394
1023;394
0;395
1023;395
0;396
1023;396
0;397
1023;397
0;398
1023;398
0;399
1023;399
0;400
1023;400
0;401
1023;401
0;402
1023;402
0;403
1023;403
0;404
1023;404
0;405
1023;405
0;406
1023;406
0;407
1023;407
0;408
1023;408
0;409
1023;409
0;410
1023;410
0;411
1023;411
0;412
1023;412
0;413
1023;413
0;414
1023;414
0;415
1023;415
0;416
1023;416
0;417
1023;417
0;418
1023;418
0;419
1023;419
0;420
1023;420
0;421
1023;421
0;422
1023;422
0;423
1023;423
0;424
1023;424
0;425
1023;425
0;426
1023;426
0;427
1023;427
0;428
1023;428
0;429
1023;429
0;430
1023;430
0;431
1023;431
0;432
1023;432
0;433
1023;433
0;434
1023;434
0;435
1023;435
0;436
1023;436
0;437
1023;437
0;438
1023;438
0;439
1023;439
0;440
1023;440
0;441
1023;441
0;442
1023;442
0;443
1023;443
0;444
1023;444
0;445
1023;445
0;446
1023;446
0;447
1023;447
0;448
1023;448
0;449
1023;449
0;450
1023;450
0;451
1023;451
0;452
1023;452
0;453
1023;453
0;454
1023;454
0;455
1023;455
0;456
1023;456
0;457
1023;457
0;458
1023;458
0;459
1023;459
0;460
1023;460
0;461
1023;461
0;462
1023;462
0;463
1023;463
0;464
1023;464
0;465
1023;465
0;466
1023;466
0;467
1023;467
0;468
1023;468
0;469
1023;469
0;470
1023;470
0;471
1023;471
0;472
1023;472
0;473
1023;473
0;474
1023;474
0;475
1023;475
0;476
1023;476
0;477
1023;477
0;478
1023;478
0;479
1023;479
0;480
1023;480
0;481
1023;481
0;482
1023;482
0;483
1023;483
0;484
1023;484
0;485
1023;485
0;486
1023;486
0;487
1023;487
0;488
1023;488
0;489
1023;489
0;490
1023;490
0;491
1023;491
0;492
1023;492
0;493
1023;493
0;494
1023;494
0;495
1023;495
0;496
1023;496
0;497
1023;497
0;498
1023;498
0;499
1023;499
0;500
1023;500
0;501
1023;501
0;502
1023;502
0;503
1023;503
0;504
1023;504
0;505
1023;505
0;506
1023;506
0;507
1023;507
0;508
1023;508
0;509
1023;509
0;510
1023;510
0;511
1023;511
0;512
1023;512
0;513
1023;513
0;514
1023;514
0;515
1023;515
0;516
1023;516
0;517
1023;517
0;518
1023;518
0;519
1023;519
0;520
1023;520
0;521
1023;521
0;522
1023;522
0;523
1023;523
0;524
1023;524
0;525
1023;525
0;526
1023;526
0;527
1023;527
0;528
1023;528
0;529
1023;529
0;530
1023;530
0;531
1023;531
0;532
1023;532
0;533
1023;533
0;534
1023;534
0;535
1023;535
0;536
1023;536
0;537
1023;537
0;538
1023;538
0;539
1023;539
0;540
1023;540
0;541
1023;541
0;542
1023;542
0;543
1023;543
0;544
1023;544
0;545
1023;545
0;546
1023;546
0;547
1023;547
0;548
1023;548
0;549
1023;549
0;550
1023;550
0;551
1023;551
0;552
1023;552
0;553
1023;553
0;554
1023;554
0;555
1023;555
0;556
1023;556
0;557
1023;557
0;558
1023;558
0;559
1023;559
0;560
1023;560
0;561
1023;561
0;562
1023;562
0;563
1023;563
0;564
1023;564
0;565
1023;565
0;566
1023;566
0;567
1023;567
0;568
1023;568
0;569
1023;569
0;570
1023;570
0;571
1023;571
0;572
1023;572
0;573
1023;573
0;574
1023;574
0;575
1023;575
0;576
1023;576
0;577
1023;577
0;578
1023;578
0;579
1023;579
0;580
1023;580
0;581
1023;581
0;582
1023;582
0;583
1023;583
0;584
1023;584
0;585
1023;585
0;586
1023;586
0;587
1023;587
0;588
1023;588
0;589
1023;589
0;590
1023;590
0;591
1023;591
0;592
1023;592
0;593
1023;593
0;594
1023;594
0;595
1023;595
0;596
1023;596
0;597
1023;597
0;598
1023;598
0;599
1023;599
0;600
1023;600
0;601
1023;601
0;602
1023;602
0;603
1023;603
0;604
1023;604
0;605
1023;605
0;606
1023;606
0;607
1023;607
0;608
1023;608
0;609
1023;609
0;610
1023;610
0;611
1023;611
0;612
1023;612
0;613
1023;613
0;614
1023;614
0;615
1023;615
0;616
1023;616
0;617
1023;617
0;618
1023;618
0;619
1023;619
0;620
1023;620
0;621
1023;621
0;622
1023;622
0;623
1023;623
0;624
1023;624
0;625
1023;625
0;626
1023;626
0;627
1023;627
0;628
1023;628
0;629
1023;629
0;630
1023;630
0;631
1023;631
0;632
1023;632
0;633
1023;633
0;634
1023;634
0;635
1023;635
0;636
1023;636
0;637
1023;637
0;638
1023;638
0;639
1023;639
0;640
1023;640
0;641
1023;641
0;642
1023;642
0;643
1023;643
0;644
1023;644
0;645
1023;645
0;646
1023;646
0;647
1023;647
0;648
1023;648
0;649
1023;649
0;650
1023;650
0;651
1023;651
0;652
1023;652
0;653
1023;653
0;654
1023;654
0;655
1023;655
0;656
1023;656
0;657
1023;657
0;658
1023;658
0;659
1023;659
0;660
1023;660
0;661
1023;661
0;662
1023;662
0;663
1023;663
0;664
1023;664
0;665
1023;665
0;666
1023;666
0;667
1023;667
0;668
1023;668
0;669
1023;669
0;670
1023;670
0;671
1023;671
0;672
1023;672
0;673
1023;673
0;674
1023;674
0;675
1023;675
0;676
1023;676
0;677
1023;677
0;678
1023;678
0;679
1023;679
0;680
1023;680
0;681
1023;681
0;682
1023;682
0;683
1023;683
0;684
1023;684
0;685
1023;685
0;686
1023;686
0;687
1023;687
0;688
1023;688
0;689
1023;689
0;690
1023;690
0;691
1023;691
0;692
1023;692
0;693
1023;693
0;694
1023;694
0;695
1023;695
0;696
1023;696
0;697
1023;697
0;698
1023;698
0;699
1023;699
0;700
1023;700
0;701
1023;701
0;702
1023;702
0;703
1023;703
0;704
1023;704
0;705
1023;705
0;706
1023;706
0;707
1023;707
0;708
1023;708
0;709
1023;709
0;710
1023;710
0;711
1023;711
0;712
1023;712
0;713
1023;713
0;714
1023;714
0;715
1023;715
0;716
1023;716
0;717
1023;717
0;718
1023;718
0;719
1023;719
0;720
1023;720
0;721
1023;721
0;722
1023;722
0;723
1023;723
0;724
1023;724
0;725
1023;725
0;726
1023;726
0;727
1023;727
0;728
1023;728
0;729
1023;729
0;730
1023;730
0;731
1023;731
0;732
1023;732
0;733
1023;733
0;734
1023;734
0;735
1023;735
0;736
1023;736
0;737
1023;737
0;738
1023;738
0;739
1023;739
0;740
1023;740
0;741
1023;741
0;742
1023;742
0;743
1023;743
0;744
1023;744
0;745
1023;745
0;746
1023;746
0;747
1023;747
0;748
1023;748
0;749
1023;749
0;750
1023;750
0;751
1023;751
0;752
1023;752
0;753
1023;753
0;754
1023;754
0;755
1023;755
0;756
1023;756
0;757
1023;757
0;758
1023;758
0;759
1023;759
0;760
1023;760
0;761
1023;761
0;762
1023;762
0;763
1023;763
0;764
1023;764
0;765
1;765
2;765
3;765
4;765
5;765
6;765
7;765
8;765
9;765
10;765
11;765
12;765
13;765
14;765
15;765
16;765
17;765
18;765
19;765
20;765
21;765
22;765
23;765
24;765
25;765
26;765
27;765
28;765
29;765
30;765
31;765
32;765
33;765
34;765
35;765
36;765
37;765
38;765
39;765
40;765
41;765
42;765
43;765
44;765
45;765
46;765
47;765
48;765
49;765
50;765
51;765
52;765
53;765
54;765
55;765
56;765
57;765
58;765
59;765
60;765
61;765
62;765
63;765
64;765
65;765
66;765
67;765
68;765
69;765
70;765
71;765
72;765
73;765
74;765
75;765
76;765
77;765
78;765
79;765
80;765
81;765
82;765
83;765
84;765
85;765
86;765
87;765
88;765
89;765
90;765
91;765
92;765
93;765
94;765
95;765
96;765
97;765
98;765
99;765
100;765
101;765
102;765
103;765
104;765
105;765
106;765
107;765
108;765
109;765
110;765
111;765
112;765
113;765
114;765
115;765
116;765
117;765
118;765
119;765
120;765
121;765
122;765
123;765
124;765
125;765
126;765
127;765
128;765
129;765
130;765
131;765
132;765
133;765
134;765
135;765
136;765
137;765
138;765
139;765
140;765
141;765
142;765
143;765
144;765
145;765
146;765
147;765
148;765
149;765
150;765
151;765
152;765
153;765
154;765
155;765
156;765
157;765
158;765
159;765
160;765
161;765
162;765
163;765
164;765
165;765
166;765
167;765
168;765
169;765
170;765
171;765
172;765
173;765
174;765
175;765
176;765
177;765
178;765
179;765
180;765
181;765
182;765
183;765
184;765
185;765
186;765
187;765
188;765
189;765
190;765
191;765
192;765
193;765
194;765
195;765
196;765
197;765
198;765
199;765
200;765
201;765
202;765
203;765
204;765
205;765
206;765
207;765
208;765
209;765
210;765
211;765
212;765
213;765
214;765
215;765
216;765
217;765
218;765
219;765
220;765
221;765
222;765
223;765
224;765
225;765
226;765
227;765
228;765
229;765
230;765
231;765
232;765
233;765
234;765
235;765
236;765
237;765
238;765
239;765
240;765
241;765
242;765
243;765
244;765
245;765
246;765
247;765
248;765
249;765
250;765
251;765
252;765
253;765
254;765
255;765
256;765
257;765
258;765
259;765
260;765
261;765
262;765
263;765
264;765
265;765
266;765
267;765
268;765
269;765
270;765
271;765
272;765
273;765
274;765
275;765
276;765
277;765
278;765
279;765
280;765
281;765
282;765
283;765
284;765
285;765
286;765
287;765
288;765
289;765
290;765
291;765
292;765
293;765
294;765
295;765
296;765
297;765
298;765
299;765
300;765
301;765
302;765
303;765
304;765
305;765
306;765
307;765
308;765
309;765
310;765
311;765
312;765
313;765
314;765
315;765
316;765
317;765
318;765
319;765
320;765
321;765
322;765
323;765
324;765
325;765
326;765
327;765
328;765
329;765
330;765
331;765
332;765
333;765
334;765
335;765
336;765
337;765
338;765
339;765
340;765
341;765
342;765
343;765
344;765
345;765
346;765
347;765
348;765
349;765
350;765
351;765
352;765
353;765
354;765
355;765
356;765
357;765
358;765
359;765
360;765
361;765
362;765
363;765
364;765
365;765
366;765
367;765
368;765
369;765
370;765
371;765
372;765
373;765
374;765
375;765
376;765
377;765
378;765
379;765
380;765
381;765
382;765
383;765
384;765
385;765
386;765
387;765
388;765
389;765
390;765
391;765
392;765
393;765
394;765
395;765
396;765
397;765
398;765
399;765
400;765
401;765
402;765
403;765
404;765
405;765
406;765
407;765
408;765
409;765
410;765
411;765
412;765
413;765
414;765
415;765
416;765
417;765
418;765
419;765
420;765
421;765
422;765
423;765
424;765
425;765
426;765
427;765
428;765
429;765
430;765
431;765
432;765
433;765
434;765
435;765
436;765
437;765
438;765
439;765
440;765
441;765
442;765
443;765
444;765
445;765
446;765
447;765
448;765
449;765
450;765
451;765
452;765
453;765
454;765
455;765
456;765
457;765
458;765
459;765
460;765
461;765
462;765
463;765
464;765
465;765
466;765
467;765
468;765
469;765
470;765
471;765
472;765
473;765
474;765
475;765
476;765
477;765
478;765
479;765
480;765
481;765
482;765
483;765
484;765
485;765
486;765
487;765
488;765
489;765
490;765
491;765
492;765
493;765
494;765
495;765
496;765
497;765
498;765
499;765
500;765
501;765
502;765
503;765
504;765
505;765
506;765
507;765
508;765
509;765
510;765
511;765
512;765
513;765
514;765
515;765
516;765
517;765
518;765
519;765
520;765
521;765
522;765
523;765
524;765
525;765
526;765
527;765
528;765
529;765
530;765
531;765
532;765
533;765
534;765
535;765
536;765
537;765
538;765
539;765
540;765
541;765
542;765
543;765
544;765
545;765
546;765
547;765
548;765
549;765
550;765
551;765
552;765
553;765
554;765
555;765
556;765
557;765
558;765
559;765
560;765
561;765
562;765
563;765
564;765
565;765
566;765
567;765
568;765
569;765
570;765
571;765
572;765
573;765
574;765
575;765
576;765
577;765
578;765
579;765
580;765
581;765
582;765
583;765
584;765
585;765
586;765
587;765
588;765
589;765
590;765
591;765
592;765
593;765
594;765
595;765
596;765
597;765
598;765
599;765
600;765
601;765
602;765
603;765
604;765
605;765
606;765
607;765
608;765
609;765
610;765
611;765
612;765
613;765
614;765
615;765
616;765
617;765
618;765
619;765
620;765
621;765
622;765
623;765
624;765
625;765
626;765
627;765
628;765
629;765
630;765
631;765
632;765
633;765
634;765
635;765
636;765
637;765
638;765
639;765
640;765
641;765
642;765
643;765
644;765
645;765
646;765
647;765
648;765
649;765
650;765
651;765
652;765
653;765
654;765
655;765
656;765
657;765
658;765
659;765
660;765
661;765
662;765
663;765
664;765
665;765
666;765
667;765
668;765
669;765
670;765
671;765
672;765
673;765
674;765
675;765
676;765
677;765
678;765
679;765
680;765
681;765
682;765
683;765
684;765
685;765
686;765
687;765
688;765
689;765
690;765
691;765
692;765
693;765
694;765
695;765
696;765
697;765
698;765
699;765
700;765
701;765
702;765
703;765
704;765
705;765
706;765
707;765
708;765
709;765
710;765
711;765
712;765
713;765
714;765
715;765
716;765
717;765
718;765
719;765
720;765
721;765
722;765
723;765
724;765
725;765
726;765
727;765
728;765
729;765
730;765
731;765
732;765
733;765
734;765
735;765
736;765
737;765
738;765
739;765
740;765
741;765
742;765
743;765
744;765
745;765
746;765
747;765
748;765
749;765
750;765
751;765
752;765
753;765
754;765
755;765
756;765
757;765
758;765
759;765
760;765
761;765
762;765
763;765
764;765
765;765
766;765
767;765
768;765
769;765
770;765
771;765
772;765
773;765
774;765
775;765
776;765
777;765
778;765
779;765
780;765
781;765
782;765
783;765
784;765
785;765
786;765
787;765
788;765
789;765
790;765
791;765
792;765
793;765
794;765
795;765
796;765
797;765
798;765
799;765
800;765
801;765
802;765
803;765
804;765
805;765
806;765
807;765
808;765
809;765
810;765
811;765
812;765
813;765
814;765
815;765
816;765
817;765
818;765
819;765
820;765
821;765
822;765
823;765
824;765
825;765
826;765
827;765
828;765
829;765
830;765
831;765
832;765
833;765
834;765
835;765
836;765
837;765
838;765
839;765
840;765
841;765
842;765
843;765
844;765
845;765
846;765
847;765
848;765
849;765
850;765
851;765
852;765
853;765
854;765
855;765
856;765
857;765
858;765
859;765
860;765
861;765
862;765
863;765
864;765
865;765
866;765
867;765
868;765
869;765
870;765
871;765
872;765
873;765
874;765
875;765
876;765
877;765
878;765
879;765
880;765
881;765
882;765
883;765
884;765
885;765
886;765
887;765
888;765
889;765
890;765
891;765
892;765
893;765
894;765
895;765
896;765
897;765
898;765
899;765
900;765
901;765
902;765
903;765
904;765
905;765
906;765
907;765
908;765
909;765
910;765
911;765
912;765
913;765
914;765
915;765
916;765
917;765
918;765
919;765
920;765
921;765
922;765
923;765
924;765
925;765
926;765
927;765
928;765
929;765
930;765
931;765
932;765
933;765
934;765
935;765
936;765
937;765
938;765
939;765
940;765
941;765
942;765
943;765
944;765
945;765
946;765
947;765
948;765
949;765
950;765
951;765
952;765
953;765
954;765
955;765
956;765
957;765
958;765
959;765
960;765
961;765
962;765
963;765
964;765
965;765
966;765
967;765
968;765
969;765
970;765
971;765
972;765
973;765
974;765
975;765
976;765
977;765
978;765
979;765
980;765
981;765
982;765
983;765
984;765
985;765
986;765
987;765
988;765
989;765
990;765
991;765
992;765
993;765
994;765
995;765
996;765
997;765
998;765
999;765
1000;765
1001;765
1002;765
1003;765
1004;765
1005;765
1006;765
1007;765
1008;765
1009;765
1010;765
1011;765
1012;765
1013;765
1014;765
1015;765
1016;765
1017;765
1018;765
1019;765
1020;765
1021;765
1022;765
1023;765
311